0.165387 0.995358
0.284201 1.69793
0.37012 2.19374
0.432805 2.54354
0.479076 2.79024
0.513751 2.96414
0.540232 3.08662
0.560921 3.1728
0.577514 3.23334
0.591208 3.27577
0.602851 3.30543
0.613039 3.32606
0.622194 3.34031
0.630614 3.35007
0.63851 3.35665
0.646029 3.36098
0.653278 3.36374
0.660331 3.36537
0.667238 3.36622
0.674039 3.36652
0.680758 3.36642
0.687414 3.36605
0.69402 3.36548
0.700586 3.36478
0.707118 3.36398
0.713621 3.36312
0.720097 3.36221
0.72655 3.36127
0.73298 3.36031
0.73939 3.35933
0.74578 3.35835
0.75215 3.35735
0.758502 3.35636
0.764835 3.35536
0.771149 3.35437
0.777446 3.35337
0.783724 3.35238
0.789984 3.35138
0.796227 3.35039
0.802452 3.3494
0.808659 3.34842
0.814848 3.34743
0.821021 3.34645
0.827175 3.34548
0.833313 3.3445
0.839433 3.34353
0.845535 3.34256
0.851621 3.34159
0.857689 3.34062
0.86374 3.33966
0.869774 3.3387
0.875791 3.33775
0.881791 3.33679
0.887774 3.33584
0.89374 3.33489
0.899689 3.33395
0.905621 3.333
0.911537 3.33206
0.917436 3.33113
0.923318 3.33019
0.929184 3.32926
0.935033 3.32833
0.940866 3.3274
0.946682 3.32647
0.952482 3.32555
0.958265 3.32463
0.964032 3.32372
0.969782 3.3228
0.975517 3.32189
0.981235 3.32098
0.986937 3.32007
0.992623 3.31917
0.998293 3.31827
1.00395 3.31737
1.00959 3.31647
1.01521 3.31558
1.02081 3.31469
1.0264 3.3138
1.03198 3.31291
1.03754 3.31203
1.04308 3.31115
1.04861 3.31027
1.05412 3.30939
1.05962 3.30852
1.0651 3.30765
1.07056 3.30678
1.07601 3.30591
1.08145 3.30505
1.08686 3.30419
1.09227 3.30333
1.09766 3.30247
1.10303 3.30162
1.10839 3.30076
1.11373 3.29991
1.11906 3.29907
1.12437 3.29822
1.12967 3.29738
1.13495 3.29654
1.14022 3.2957
1.14547 3.29487
1.15071 3.29403
1.15593 3.2932
1.16114 3.29238
1.16634 3.29155
1.17152 3.29073
1.17668 3.28991
1.18183 3.28909
1.18697 3.28827
1.19209 3.28746
1.19719 3.28664
1.20229 3.28583
1.20736 3.28503
1.21243 3.28422
1.21748 3.28342
1.22251 3.28262
1.22753 3.28182
1.23254 3.28102
1.23753 3.28023
1.24251 3.27944
1.24747 3.27865
1.25242 3.27786
1.25736 3.27708
1.26228 3.2763
1.26719 3.27551
1.27208 3.27474
1.27696 3.27396
1.28183 3.27319
1.28668 3.27241
1.29152 3.27165
1.29635 3.27088
1.30116 3.27011
1.30596 3.26935
1.31074 3.26859
1.31552 3.26783
1.32027 3.26707
1.32502 3.26632
1.32975 3.26557
1.33447 3.26482
1.33917 3.26407
1.34386 3.26332
1.34854 3.26258
1.35321 3.26184
1.35786 3.2611
1.3625 3.26036
1.36712 3.25963
1.37173 3.25889
1.37633 3.25816
1.38092 3.25743
1.38549 3.2567
1.39005 3.25598
1.3946 3.25526
1.39913 3.25454
1.40365 3.25382
1.40816 3.2531
1.41266 3.25239
1.41714 3.25167
1.42161 3.25096
1.42607 3.25025
1.43052 3.24955
1.43495 3.24884
1.43937 3.24814
1.44378 3.24744
1.44818 3.24674
1.45256 3.24604
1.45693 3.24535
1.46129 3.24465
1.46563 3.24396
1.46997 3.24327
1.47429 3.24259
1.4786 3.2419
1.4829 3.24122
1.48718 3.24054
1.49145 3.23986
1.49572 3.23918
1.49996 3.2385
1.5042 3.23783
1.50843 3.23716
1.51264 3.23649
1.51684 3.23582
1.52103 3.23515
1.52521 3.23449
1.52937 3.23383
1.53353 3.23317
1.53767 3.23251
1.5418 3.23185
1.54592 3.2312
1.55002 3.23054
1.55412 3.22989
1.5582 3.22924
1.56228 3.2286
1.56634 3.22795
1.57039 3.22731
1.57443 3.22666
1.57845 3.22602
1.58247 3.22539
1.58647 3.22475
1.59046 3.22411
1.59444 3.22348
1.59841 3.22285
1.60237 3.22222
1.60632 3.22159
1.61026 3.22097
1.61418 3.22034
1.6181 3.21972
1.622 3.2191
1.62589 3.21848
1.62977 3.21786
1.63364 3.21725
1.6375 3.21664
1.64135 3.21602
1.64519 3.21541
1.64902 3.2148
1.65283 3.2142
1.65664 3.21359
1.66043 3.21299
1.66422 3.21239
1.66799 3.21179
1.67175 3.21119
1.6755 3.21059
1.67924 3.21
1.68297 3.20941
1.68669 3.20881
1.6904 3.20822
1.6941 3.20764
1.69779 3.20705
1.70147 3.20646
1.70514 3.20588
1.70879 3.2053
1.71244 3.20472
1.71608 3.20414
1.71971 3.20357
1.72332 3.20299
1.72693 3.20242
1.73052 3.20185
1.73411 3.20128
1.73768 3.20071
1.74125 3.20014
1.74481 3.19957
1.74835 3.19901
1.75189 3.19845
1.75541 3.19789
1.75893 3.19733
1.76243 3.19677
1.76593 3.19622
1.76941 3.19566
1.77289 3.19511
1.77636 3.19456
1.77981 3.19401
1.78326 3.19346
1.78669 3.19291
1.79012 3.19237
1.79354 3.19183
1.79695 3.19128
1.80035 3.19074
1.80373 3.1902
1.80711 3.18967
1.81048 3.18913
1.81384 3.1886
1.81719 3.18806
1.82053 3.18753
1.82386 3.187
1.82719 3.18648
1.8305 3.18595
1.8338 3.18542
1.8371 3.1849
1.84038 3.18438
1.84366 3.18386
1.84692 3.18334
1.85018 3.18282
1.85343 3.1823
1.85667 3.18179
1.8599 3.18128
1.86312 3.18076
1.86633 3.18025
1.86953 3.17974
1.87272 3.17924
1.87591 3.17873
1.87908 3.17822
1.88225 3.17772
1.8854 3.17722
1.88855 3.17672
1.89169 3.17622
1.89482 3.17572
1.89794 3.17523
1.90106 3.17473
1.90416 3.17424
1.90726 3.17374
1.91034 3.17325
1.91342 3.17276
1.91649 3.17228
1.91955 3.17179
1.9226 3.1713
1.92564 3.17082
1.92868 3.17034
1.93171 3.16986
1.93472 3.16938
1.93773 3.1689
1.94073 3.16842
1.94372 3.16795
1.94671 3.16747
1.94968 3.167
1.95265 3.16653
1.95561 3.16606
1.95856 3.16559
1.9615 3.16512
1.96443 3.16465
1.96736 3.16419
1.97027 3.16373
1.97318 3.16326
1.97608 3.1628
1.97897 3.16234
1.98186 3.16188
1.98473 3.16143
1.9876 3.16097
1.99046 3.16052
1.99331 3.16006
1.99616 3.15961
1.99899 3.15916
2.00182 3.15871
2.00464 3.15826
2.00745 3.15781
2.01025 3.15737
2.01305 3.15692
2.01584 3.15648
2.01862 3.15604
2.02139 3.1556
2.02415 3.15516
2.02691 3.15472
2.02966 3.15428
2.0324 3.15385
2.03513 3.15341
2.03786 3.15298
2.04057 3.15255
2.04328 3.15212
2.04599 3.15169
2.04868 3.15126
2.05137 3.15083
2.05405 3.15041
2.05672 3.14998
2.05938 3.14956
2.06204 3.14913
2.06469 3.14871
2.06733 3.14829
2.06997 3.14787
2.07259 3.14746
2.07521 3.14704
2.07783 3.14662
2.08043 3.14621
2.08303 3.1458
2.08562 3.14539
2.0882 3.14498
2.09078 3.14457
2.09334 3.14416
2.0959 3.14375
2.09846 3.14334
2.101 3.14294
2.10354 3.14254
2.10608 3.14213
2.1086 3.14173
2.11112 3.14133
2.11363 3.14093
2.11613 3.14053
2.11863 3.14014
2.12112 3.13974
2.1236 3.13935
2.12608 3.13895
2.12855 3.13856
2.13101 3.13817
2.13346 3.13778
2.13591 3.13739
2.13835 3.137
2.14078 3.13661
2.14321 3.13623
2.14563 3.13584
2.14804 3.13546
2.15045 3.13508
2.15285 3.1347
2.15524 3.13432
2.15763 3.13394
2.16001 3.13356
2.16238 3.13318
2.16475 3.1328
2.16711 3.13243
2.16946 3.13206
2.1718 3.13168
2.17414 3.13131
2.17648 3.13094
2.1788 3.13057
2.18112 3.1302
2.18343 3.12983
2.18574 3.12947
2.18804 3.1291
2.19033 3.12874
2.19262 3.12837
2.1949 3.12801
2.19718 3.12765
2.19944 3.12729
2.2017 3.12693
2.20396 3.12657
2.20621 3.12621
2.20845 3.12586
2.21069 3.1255
2.21291 3.12515
2.21514 3.12479
2.21735 3.12444
2.21957 3.12409
2.22177 3.12374
2.22397 3.12339
2.22616 3.12304
2.22835 3.12269
2.23053 3.12235
2.2327 3.122
2.23487 3.12166
2.23703 3.12131
2.23918 3.12097
2.24133 3.12063
2.24347 3.12029
2.24561 3.11995
2.24774 3.11961
2.24987 3.11927
2.25199 3.11893
2.2541 3.1186
2.2562 3.11826
2.25831 3.11793
2.2604 3.1176
2.26249 3.11726
2.26457 3.11693
2.26665 3.1166
2.26872 3.11627
2.27079 3.11594
2.27285 3.11562
2.2749 3.11529
2.27695 3.11496
2.27899 3.11464
2.28103 3.11432
2.28306 3.11399
2.28508 3.11367
2.2871 3.11335
2.28912 3.11303
2.29112 3.11271
2.29313 3.11239
2.29512 3.11207
2.29711 3.11176
2.2991 3.11144
2.30108 3.11113
2.30305 3.11081
2.30502 3.1105
2.30698 3.11019
2.30894 3.10988
2.31089 3.10957
2.31284 3.10926
2.31478 3.10895
2.31672 3.10864
2.31865 3.10833
2.32057 3.10803
2.32249 3.10772
2.3244 3.10742
2.32631 3.10712
2.32822 3.10681
2.33011 3.10651
2.332 3.10621
2.33389 3.10591
2.33577 3.10561
2.33765 3.10531
2.33952 3.10502
2.34139 3.10472
2.34325 3.10442
2.3451 3.10413
2.34695 3.10383
2.3488 3.10354
2.35063 3.10325
2.35247 3.10296
2.3543 3.10267
2.35612 3.10238
2.35794 3.10209
2.35975 3.1018
2.36156 3.10151
2.36337 3.10122
2.36516 3.10094
2.36696 3.10065
2.36874 3.10037
2.37053 3.10009
2.37231 3.0998
2.37408 3.09952
2.37585 3.09924
2.37761 3.09896
2.37937 3.09868
2.38112 3.0984
2.38287 3.09812
2.38461 3.09785
2.38635 3.09757
2.38808 3.09729
2.38981 3.09702
2.39154 3.09675
2.39325 3.09647
2.39497 3.0962
2.39668 3.09593
2.39838 3.09566
2.40008 3.09539
2.40177 3.09512
2.40346 3.09485
2.40515 3.09458
2.40683 3.09431
2.4085 3.09405
2.41018 3.09378
2.41184 3.09352
2.4135 3.09325
2.41516 3.09299
2.41681 3.09273
2.41846 3.09246
2.4201 3.0922
2.42174 3.09194
2.42337 3.09168
2.425 3.09142
2.42663 3.09117
2.42824 3.09091
2.42986 3.09065
2.43147 3.0904
2.43308 3.09014
2.43468 3.08989
2.43627 3.08963
2.43787 3.08938
2.43945 3.08913
2.44104 3.08887
2.44262 3.08862
2.44419 3.08837
2.44576 3.08812
2.44733 3.08787
2.44889 3.08763
2.45044 3.08738
2.452 3.08713
2.45354 3.08689
2.45509 3.08664
2.45663 3.0864
2.45816 3.08615
2.45969 3.08591
2.46122 3.08567
2.46274 3.08542
2.46426 3.08518
2.46577 3.08494
2.46728 3.0847
2.46878 3.08446
2.47028 3.08422
2.47178 3.08399
2.47327 3.08375
2.47476 3.08351
2.47624 3.08328
2.47772 3.08304
2.4792 3.08281
2.48067 3.08257
2.48214 3.08234
2.4836 3.08211
2.48506 3.08188
2.48651 3.08164
2.48796 3.08141
2.48941 3.08118
2.49085 3.08095
2.49229 3.08073
2.49372 3.0805
2.49515 3.08027
2.49658 3.08004
2.498 3.07982
2.49942 3.07959
2.50083 3.07937
2.50224 3.07914
2.50365 3.07892
2.50505 3.0787
2.50645 3.07847
2.50784 3.07825
2.50923 3.07803
2.51062 3.07781
2.512 3.07759
2.51338 3.07737
2.51475 3.07715
2.51612 3.07694
2.51749 3.07672
2.51885 3.0765
2.52021 3.07629
2.52157 3.07607
2.52292 3.07586
2.52427 3.07564
2.52561 3.07543
2.52695 3.07521
2.52829 3.075
2.52962 3.07479
2.53095 3.07458
2.53227 3.07437
2.53359 3.07416
2.53491 3.07395
2.53623 3.07374
2.53754 3.07353
2.53884 3.07332
2.54014 3.07312
2.54144 3.07291
2.54274 3.0727
2.54403 3.0725
2.54532 3.07229
2.5466 3.07209
2.54788 3.07189
2.54916 3.07168
2.55043 3.07148
2.5517 3.07128
2.55297 3.07108
2.55423 3.07088
2.55549 3.07068
2.55675 3.07048
2.558 3.07028
2.55925 3.07008
2.56049 3.06988
2.56173 3.06968
2.56297 3.06949
2.56421 3.06929
2.56544 3.0691
2.56666 3.0689
2.56789 3.06871
2.56911 3.06851
2.57033 3.06832
2.57154 3.06812
2.57275 3.06793
2.57396 3.06774
2.57516 3.06755
2.57636 3.06736
2.57756 3.06717
2.57875 3.06698
2.57994 3.06679
2.58113 3.0666
2.58231 3.06641
2.58349 3.06622
2.58466 3.06604
2.58584 3.06585
2.58701 3.06567
2.58817 3.06548
2.58934 3.06529
2.5905 3.06511
2.59165 3.06493
2.59281 3.06474
2.59396 3.06456
2.5951 3.06438
2.59625 3.0642
2.59739 3.06401
2.59853 3.06383
2.59966 3.06365
2.60079 3.06347
2.60192 3.06329
2.60304 3.06312
2.60416 3.06294
2.60528 3.06276
2.6064 3.06258
2.60751 3.06241
2.60862 3.06223
2.60972 3.06205
2.61082 3.06188
2.61192 3.0617
2.61302 3.06153
2.61411 3.06136
2.6152 3.06118
2.61629 3.06101
2.61737 3.06084
2.61845 3.06067
2.61953 3.06049
2.62061 3.06032
2.62168 3.06015
2.62275 3.05998
2.62381 3.05981
2.62488 3.05964
2.62593 3.05948
2.62699 3.05931
2.62805 3.05914
2.6291 3.05897
2.63014 3.05881
2.63119 3.05864
2.63223 3.05847
2.63327 3.05831
2.6343 3.05815
2.63534 3.05798
2.63637 3.05782
2.63739 3.05765
2.63842 3.05749
2.63944 3.05733
2.64046 3.05717
2.64147 3.05701
2.64249 3.05684
2.6435 3.05668
2.6445 3.05652
2.64551 3.05636
2.64651 3.0562
2.64751 3.05605
2.6485 3.05589
2.6495 3.05573
2.65049 3.05557
2.65147 3.05542
2.65246 3.05526
2.65344 3.0551
2.65442 3.05495
2.65539 3.05479
2.65637 3.05464
2.65734 3.05448
2.65831 3.05433
2.65927 3.05418
2.66023 3.05402
2.66119 3.05387
2.66215 3.05372
2.6631 3.05357
2.66406 3.05341
2.665 3.05326
2.66595 3.05311
2.66689 3.05296
2.66784 3.05281
2.66877 3.05266
2.66971 3.05252
2.67064 3.05237
2.67157 3.05222
2.6725 3.05207
2.67343 3.05193
2.67435 3.05178
2.67527 3.05163
2.67618 3.05149
2.6771 3.05134
2.67801 3.0512
2.67892 3.05105
2.67983 3.05091
2.68073 3.05076
2.68163 3.05062
2.68253 3.05048
2.68343 3.05033
2.68432 3.05019
2.68522 3.05005
2.6861 3.04991
2.68699 3.04977
2.68788 3.04963
2.68876 3.04949
2.68964 3.04935
2.69051 3.04921
2.69139 3.04907
2.69226 3.04893
2.69313 3.04879
2.69399 3.04865
2.69486 3.04852
2.69572 3.04838
2.69658 3.04824
2.69744 3.04811
2.69829 3.04797
2.69914 3.04784
2.69999 3.0477
2.70084 3.04757
2.70169 3.04743
2.70253 3.0473
2.70337 3.04716
2.70421 3.04703
2.70504 3.0469
2.70588 3.04677
2.70671 3.04663
2.70753 3.0465
2.70836 3.04637
2.70918 3.04624
2.71001 3.04611
2.71082 3.04598
2.71164 3.04585
2.71246 3.04572
2.71327 3.04559
2.71408 3.04546
2.71489 3.04533
2.71569 3.0452
2.71649 3.04508
2.7173 3.04495
2.71809 3.04482
2.71889 3.0447
2.71968 3.04457
2.72048 3.04444
2.72127 3.04432
2.72205 3.04419
2.72284 3.04407
2.72362 3.04394
2.7244 3.04382
2.72518 3.0437
2.72596 3.04357
2.72673 3.04345
2.7275 3.04333
2.72827 3.0432
2.72904 3.04308
2.7298 3.04296
2.73057 3.04284
2.73133 3.04272
2.73209 3.0426
2.73284 3.04248
2.7336 3.04236
2.73435 3.04224
2.7351 3.04212
2.73585 3.042
2.7366 3.04188
2.73734 3.04176
2.73808 3.04164
2.73882 3.04153
2.73956 3.04141
2.74029 3.04129
2.74103 3.04118
2.74176 3.04106
2.74249 3.04094
2.74322 3.04083
2.74394 3.04071
2.74467 3.0406
2.74539 3.04048
2.74611 3.04037
2.74682 3.04025
2.74754 3.04014
2.74825 3.04003
2.74896 3.03991
2.74967 3.0398
2.75038 3.03969
2.75108 3.03958
2.75179 3.03947
2.75249 3.03935
2.75319 3.03924
2.75388 3.03913
2.75458 3.03902
2.75527 3.03891
2.75596 3.0388
2.75665 3.03869
2.75734 3.03858
2.75803 3.03847
2.75871 3.03837
2.75939 3.03826
2.76007 3.03815
2.76075 3.03804
2.76142 3.03793
2.7621 3.03783
2.76277 3.03772
2.76344 3.03761
2.76411 3.03751
2.76477 3.0374
2.76544 3.0373
2.7661 3.03719
2.76676 3.03708
2.76742 3.03698
2.76808 3.03688
2.76873 3.03677
2.76939 3.03667
2.77004 3.03656
2.77069 3.03646
2.77133 3.03636
2.77198 3.03625
2.77262 3.03615
2.77327 3.03605
2.77391 3.03595
2.77455 3.03585
2.77518 3.03575
2.77582 3.03564
2.77645 3.03554
2.77708 3.03544
2.77771 3.03534
2.77834 3.03524
2.77897 3.03514
2.77959 3.03505
2.78021 3.03495
2.78083 3.03485
2.78145 3.03475
2.78207 3.03465
2.78268 3.03455
2.7833 3.03446
2.78391 3.03436
2.78452 3.03426
2.78513 3.03416
2.78574 3.03407
2.78634 3.03397
2.78695 3.03388
2.78755 3.03378
2.78815 3.03368
2.78875 3.03359
2.78934 3.03349
2.78994 3.0334
2.79053 3.03331
2.79112 3.03321
2.79171 3.03312
2.7923 3.03302
2.79289 3.03293
2.79347 3.03284
2.79406 3.03274
2.79464 3.03265
2.79522 3.03256
2.7958 3.03247
2.79637 3.03238
2.79695 3.03229
2.79752 3.03219
2.79809 3.0321
2.79866 3.03201
2.79923 3.03192
2.7998 3.03183
2.80036 3.03174
2.80093 3.03165
2.80149 3.03156
2.80205 3.03147
2.80261 3.03138
2.80317 3.0313
2.80372 3.03121
2.80428 3.03112
2.80483 3.03103
2.80538 3.03094
2.80593 3.03086
2.80648 3.03077
2.80703 3.03068
2.80757 3.0306
2.80812 3.03051
2.80866 3.03042
2.8092 3.03034
2.80974 3.03025
2.81027 3.03017
2.81081 3.03008
2.81134 3.03
2.81188 3.02991
2.81241 3.02983
2.81294 3.02974
2.81347 3.02966
2.81399 3.02957
2.81452 3.02949
2.81504 3.02941
2.81557 3.02932
2.81609 3.02924
2.81661 3.02916
2.81712 3.02908
2.81764 3.02899
2.81816 3.02891
2.81867 3.02883
2.81918 3.02875
2.81969 3.02867
2.8202 3.02859
2.82071 3.02851
2.82122 3.02843
2.82172 3.02835
2.82222 3.02827
2.82273 3.02819
2.82323 3.02811
2.82373 3.02803
2.82422 3.02795
2.82472 3.02787
2.82522 3.02779
2.82571 3.02771
2.8262 3.02763
2.82669 3.02756
2.82718 3.02748
2.82767 3.0274
2.82816 3.02732
2.82864 3.02725
2.82913 3.02717
2.82961 3.02709
2.83009 3.02702
2.83057 3.02694
2.83105 3.02686
2.83153 3.02679
2.832 3.02671
2.83248 3.02664
2.83295 3.02656
2.83342 3.02649
2.83389 3.02641
2.83436 3.02634
2.83483 3.02626
2.8353 3.02619
2.83576 3.02611
2.83622 3.02604
2.83669 3.02597
2.83715 3.02589
2.83761 3.02582
2.83807 3.02575
2.83852 3.02567
2.83898 3.0256
2.83944 3.02553
2.83989 3.02546
2.84034 3.02539
2.84079 3.02531
2.84124 3.02524
2.84169 3.02517
2.84214 3.0251
2.84258 3.02503
2.84303 3.02496
2.84347 3.02489
2.84391 3.02482
2.84435 3.02475
2.84479 3.02468
2.84523 3.02461
2.84567 3.02454
2.84611 3.02447
2.84654 3.0244
2.84697 3.02433
2.84741 3.02426
2.84784 3.02419
2.84827 3.02413
2.8487 3.02406
2.84912 3.02399
2.84955 3.02392
2.84997 3.02385
2.8504 3.02379
2.85082 3.02372
2.85124 3.02365
2.85166 3.02359
2.85208 3.02352
2.8525 3.02345
2.85292 3.02339
2.85333 3.02332
2.85374 3.02325
2.85416 3.02319
2.85457 3.02312
2.85498 3.02306
2.85539 3.02299
2.8558 3.02293
2.85621 3.02286
2.85661 3.0228
2.85702 3.02273
2.85742 3.02267
2.85782 3.02261
2.85823 3.02254
2.85863 3.02248
2.85903 3.02241
2.85942 3.02235
2.85982 3.02229
2.86022 3.02223
2.86061 3.02216
2.861 3.0221
2.8614 3.02204
2.86179 3.02198
2.86218 3.02191
2.86257 3.02185
2.86296 3.02179
2.86334 3.02173
2.86373 3.02167
2.86411 3.02161
2.8645 3.02154
2.86488 3.02148
2.86526 3.02142
2.86564 3.02136
2.86602 3.0213
2.8664 3.02124
2.86678 3.02118
2.86716 3.02112
2.86753 3.02106
2.8679 3.021
2.86828 3.02094
2.86865 3.02088
2.86902 3.02083
2.86939 3.02077
2.86976 3.02071
2.87013 3.02065
2.87049 3.02059
2.87086 3.02053
2.87122 3.02048
2.87159 3.02042
2.87195 3.02036
2.87231 3.0203
2.87267 3.02024
2.87303 3.02019
2.87339 3.02013
2.87375 3.02007
2.87411 3.02002
2.87446 3.01996
2.87482 3.0199
2.87517 3.01985
2.87552 3.01979
2.87587 3.01974
2.87622 3.01968
2.87657 3.01962
2.87692 3.01957
2.87727 3.01951
2.87762 3.01946
2.87796 3.0194
2.87831 3.01935
2.87865 3.01929
2.87899 3.01924
2.87934 3.01919
2.87968 3.01913
2.88002 3.01908
2.88036 3.01902
2.88069 3.01897
2.88103 3.01892
2.88137 3.01886
2.8817 3.01881
2.88204 3.01876
2.88237 3.0187
2.8827 3.01865
2.88303 3.0186
2.88336 3.01855
2.88369 3.01849
2.88402 3.01844
2.88435 3.01839
2.88467 3.01834
2.885 3.01828
2.88533 3.01823
2.88565 3.01818
2.88597 3.01813
2.88629 3.01808
2.88662 3.01803
2.88694 3.01798
2.88726 3.01793
2.88757 3.01788
2.88789 3.01783
2.88821 3.01777
2.88852 3.01772
2.88884 3.01767
2.88915 3.01762
2.88947 3.01757
2.88978 3.01753
2.89009 3.01748
2.8904 3.01743
2.89071 3.01738
2.89102 3.01733
2.89133 3.01728
2.89163 3.01723
2.89194 3.01718
2.89224 3.01713
2.89255 3.01708
2.89285 3.01704
2.89315 3.01699
2.89346 3.01694
2.89376 3.01689
2.89406 3.01684
2.89436 3.0168
2.89465 3.01675
2.89495 3.0167
2.89525 3.01666
2.89554 3.01661
2.89584 3.01656
2.89613 3.01651
2.89643 3.01647
2.89672 3.01642
2.89701 3.01637
2.8973 3.01633
2.89759 3.01628
2.89788 3.01624
2.89817 3.01619
2.89846 3.01615
2.89874 3.0161
2.89903 3.01605
2.89932 3.01601
2.8996 3.01596
2.89988 3.01592
2.90017 3.01587
2.90045 3.01583
2.90073 3.01578
2.90101 3.01574
2.90129 3.01569
2.90157 3.01565
2.90185 3.01561
2.90212 3.01556
2.9024 3.01552
2.90268 3.01547
2.90295 3.01543
2.90323 3.01539
2.9035 3.01534
2.90377 3.0153
2.90404 3.01526
2.90431 3.01521
2.90458 3.01517
2.90485 3.01513
2.90512 3.01509
2.90539 3.01504
2.90566 3.015
2.90592 3.01496
2.90619 3.01492
2.90645 3.01487
2.90672 3.01483
2.90698 3.01479
2.90725 3.01475
2.90751 3.01471
2.90777 3.01466
2.90803 3.01462
2.90829 3.01458
2.90855 3.01454
2.90881 3.0145
2.90906 3.01446
2.90932 3.01442
2.90958 3.01438
2.90983 3.01434
2.91009 3.0143
2.91034 3.01426
2.91059 3.01422
2.91085 3.01418
2.9111 3.01414
2.91135 3.0141
2.9116 3.01406
2.91185 3.01402
2.9121 3.01398
2.91235 3.01394
2.91259 3.0139
2.91284 3.01386
2.91309 3.01382
2.91333 3.01378
2.91358 3.01374
2.91382 3.0137
2.91407 3.01366
2.91431 3.01362
2.91455 3.01359
2.91479 3.01355
2.91503 3.01351
2.91527 3.01347
2.91551 3.01343
2.91575 3.0134
2.91599 3.01336
2.91623 3.01332
2.91646 3.01328
2.9167 3.01324
2.91693 3.01321
2.91717 3.01317
2.9174 3.01313
2.91764 3.0131
2.91787 3.01306
2.9181 3.01302
2.91833 3.01299
2.91856 3.01295
2.91879 3.01291
2.91902 3.01288
2.91925 3.01284
2.91948 3.0128
2.91971 3.01277
2.91993 3.01273
2.92016 3.01269
2.92038 3.01266
2.92061 3.01262
2.92083 3.01259
2.92106 3.01255
2.92128 3.01252
2.9215 3.01248
2.92172 3.01245
2.92194 3.01241
2.92217 3.01238
2.92239 3.01234
2.9226 3.01231
2.92282 3.01227
2.92304 3.01224
2.92326 3.0122
2.92348 3.01217
2.92369 3.01213
2.92391 3.0121
2.92412 3.01206
2.92434 3.01203
2.92455 3.012
2.92476 3.01196
2.92498 3.01193
2.92519 3.0119
2.9254 3.01186
2.92561 3.01183
2.92582 3.01179
2.92603 3.01176
2.92624 3.01173
2.92645 3.01169
2.92665 3.01166
2.92686 3.01163
2.92707 3.0116
2.92727 3.01156
2.92748 3.01153
2.92768 3.0115
2.92789 3.01147
2.92809 3.01143
2.92829 3.0114
2.9285 3.01137
2.9287 3.01134
2.9289 3.0113
2.9291 3.01127
2.9293 3.01124
2.9295 3.01121
2.9297 3.01118
2.9299 3.01115
2.9301 3.01111
2.93029 3.01108
2.93049 3.01105
2.93069 3.01102
2.93088 3.01099
2.93108 3.01096
2.93127 3.01093
2.93147 3.0109
2.93166 3.01087
2.93185 3.01084
2.93205 3.0108
2.93224 3.01077
2.93243 3.01074
2.93262 3.01071
2.93281 3.01068
2.933 3.01065
2.93319 3.01062
2.93338 3.01059
2.93357 3.01056
2.93375 3.01053
2.93394 3.0105
2.93413 3.01047
2.93431 3.01044
2.9345 3.01041
2.93469 3.01038
2.93487 3.01036
2.93505 3.01033
2.93524 3.0103
2.93542 3.01027
2.9356 3.01024
2.93578 3.01021
2.93597 3.01018
2.93615 3.01015
2.93633 3.01012
2.93651 3.0101
2.93669 3.01007
2.93686 3.01004
2.93704 3.01001
2.93722 3.00998
2.9374 3.00995
2.93758 3.00993
2.93775 3.0099
2.93793 3.00987
2.9381 3.00984
2.93828 3.00981
2.93845 3.00979
2.93863 3.00976
2.9388 3.00973
2.93897 3.0097
2.93914 3.00968
2.93932 3.00965
2.93949 3.00962
2.93966 3.00959
2.93983 3.00957
2.94 3.00954
2.94017 3.00951
2.94034 3.00949
2.94051 3.00946
2.94067 3.00943
2.94084 3.00941
2.94101 3.00938
2.94118 3.00935
2.94134 3.00933
2.94151 3.0093
2.94167 3.00927
2.94184 3.00925
2.942 3.00922
2.94217 3.0092
2.94233 3.00917
2.94249 3.00914
2.94265 3.00912
2.94282 3.00909
2.94298 3.00907
2.94314 3.00904
2.9433 3.00902
2.94346 3.00899
2.94362 3.00896
2.94378 3.00894
2.94394 3.00891
2.9441 3.00889
2.94425 3.00886
2.94441 3.00884
2.94457 3.00881
2.94472 3.00879
2.94488 3.00876
2.94504 3.00874
2.94519 3.00871
2.94535 3.00869
2.9455 3.00867
2.94565 3.00864
2.94581 3.00862
2.94596 3.00859
2.94611 3.00857
2.94627 3.00854
2.94642 3.00852
2.94657 3.0085
2.94672 3.00847
2.94687 3.00845
2.94702 3.00842
2.94717 3.0084
2.94732 3.00838
2.94747 3.00835
2.94762 3.00833
2.94776 3.00831
2.94791 3.00828
2.94806 3.00826
2.94821 3.00824
2.94835 3.00821
2.9485 3.00819
2.94864 3.00817
2.94879 3.00814
2.94893 3.00812
2.94908 3.0081
2.94922 3.00807
2.94936 3.00805
2.94951 3.00803
2.94965 3.00801
2.94979 3.00798
2.94993 3.00796
2.95008 3.00794
2.95022 3.00792
2.95036 3.00789
2.9505 3.00787
2.95064 3.00785
2.95078 3.00783
2.95092 3.0078
2.95105 3.00778
2.95119 3.00776
2.95133 3.00774
2.95147 3.00772
2.95161 3.00769
2.95174 3.00767
2.95188 3.00765
2.95201 3.00763
2.95215 3.00761
2.95228 3.00759
2.95242 3.00757
2.95255 3.00754
2.95269 3.00752
2.95282 3.0075
2.95295 3.00748
2.95309 3.00746
2.95322 3.00744
2.95335 3.00742
2.95348 3.0074
2.95362 3.00738
2.95375 3.00735
2.95388 3.00733
2.95401 3.00731
2.95414 3.00729
2.95427 3.00727
2.9544 3.00725
2.95452 3.00723
2.95465 3.00721
2.95478 3.00719
2.95491 3.00717
2.95504 3.00715
2.95516 3.00713
2.95529 3.00711
2.95542 3.00709
2.95554 3.00707
2.95567 3.00705
2.95579 3.00703
2.95592 3.00701
2.95604 3.00699
2.95617 3.00697
2.95629 3.00695
2.95641 3.00693
2.95654 3.00691
2.95666 3.00689
2.95678 3.00687
2.9569 3.00685
2.95703 3.00683
2.95715 3.00681
2.95727 3.00679
2.95739 3.00678
2.95751 3.00676
2.95763 3.00674
2.95775 3.00672
2.95787 3.0067
2.95799 3.00668
2.95811 3.00666
2.95822 3.00664
2.95834 3.00662
2.95846 3.0066
2.95858 3.00659
2.95869 3.00657
2.95881 3.00655
2.95893 3.00653
2.95904 3.00651
2.95916 3.00649
2.95927 3.00648
2.95939 3.00646
2.9595 3.00644
2.95962 3.00642
2.95973 3.0064
2.95985 3.00638
2.95996 3.00637
2.96007 3.00635
2.96019 3.00633
2.9603 3.00631
2.96041 3.00629
2.96052 3.00628
2.96063 3.00626
2.96074 3.00624
2.96086 3.00622
2.96097 3.00621
2.96108 3.00619
2.96119 3.00617
2.9613 3.00615
2.96141 3.00614
2.96151 3.00612
2.96162 3.0061
2.96173 3.00608
2.96184 3.00607
2.96195 3.00605
2.96205 3.00603
2.96216 3.00602
2.96227 3.006
2.96238 3.00598
2.96248 3.00597
2.96259 3.00595
2.96269 3.00593
2.9628 3.00591
2.9629 3.0059
2.96301 3.00588
2.96311 3.00586
2.96322 3.00585
2.96332 3.00583
2.96342 3.00582
2.96353 3.0058
2.96363 3.00578
2.96373 3.00577
2.96384 3.00575
2.96394 3.00573
2.96404 3.00572
2.96414 3.0057
2.96424 3.00569
2.96434 3.00567
2.96444 3.00565
2.96455 3.00564
2.96465 3.00562
2.96475 3.00561
2.96484 3.00559
2.96494 3.00557
2.96504 3.00556
2.96514 3.00554
2.96524 3.00553
2.96534 3.00551
2.96544 3.0055
2.96553 3.00548
2.96563 3.00546
2.96573 3.00545
2.96583 3.00543
2.96592 3.00542
2.96602 3.0054
2.96611 3.00539
2.96621 3.00537
2.96631 3.00536
2.9664 3.00534
2.9665 3.00533
2.96659 3.00531
2.96668 3.0053
2.96678 3.00528
2.96687 3.00527
2.96697 3.00525
2.96706 3.00524
2.96715 3.00522
2.96725 3.00521
2.96734 3.00519
2.96743 3.00518
2.96752 3.00516
2.96761 3.00515
2.96771 3.00513
2.9678 3.00512
2.96789 3.00511
2.96798 3.00509
2.96807 3.00508
2.96816 3.00506
2.96825 3.00505
2.96834 3.00503
2.96843 3.00502
2.96852 3.00501
2.96861 3.00499
2.96869 3.00498
2.96878 3.00496
2.96887 3.00495
2.96896 3.00494
2.96905 3.00492
2.96913 3.00491
2.96922 3.00489
2.96931 3.00488
2.96939 3.00487
2.96948 3.00485
2.96957 3.00484
2.96965 3.00483
2.96974 3.00481
2.96982 3.0048
2.96991 3.00478
2.96999 3.00477
2.97008 3.00476
2.97016 3.00474
2.97025 3.00473
2.97033 3.00472
2.97042 3.0047
2.9705 3.00469
2.97058 3.00468
2.97067 3.00466
2.97075 3.00465
2.97083 3.00464
2.97091 3.00462
2.971 3.00461
2.97108 3.0046
2.97116 3.00459
2.97124 3.00457
2.97132 3.00456
2.9714 3.00455
2.97148 3.00453
2.97156 3.00452
2.97165 3.00451
2.97173 3.0045
2.97181 3.00448
2.97188 3.00447
2.97196 3.00446
2.97204 3.00445
2.97212 3.00443
2.9722 3.00442
2.97228 3.00441
2.97236 3.0044
2.97244 3.00438
2.97251 3.00437
2.97259 3.00436
2.97267 3.00435
2.97275 3.00433
2.97282 3.00432
2.9729 3.00431
2.97298 3.0043
2.97305 3.00428
2.97313 3.00427
2.9732 3.00426
2.97328 3.00425
2.97336 3.00424
2.97343 3.00422
2.97351 3.00421
2.97358 3.0042
2.97366 3.00419
2.97373 3.00418
2.9738 3.00417
2.97388 3.00415
2.97395 3.00414
2.97403 3.00413
2.9741 3.00412
2.97417 3.00411
2.97425 3.0041
2.97432 3.00408
2.97439 3.00407
2.97446 3.00406
2.97453 3.00405
2.97461 3.00404
2.97468 3.00403
2.97475 3.00401
2.97482 3.004
2.97489 3.00399
2.97496 3.00398
2.97503 3.00397
2.9751 3.00396
2.97517 3.00395
2.97524 3.00394
2.97531 3.00392
2.97538 3.00391
2.97545 3.0039
2.97552 3.00389
2.97559 3.00388
2.97566 3.00387
2.97573 3.00386
2.9758 3.00385
2.97587 3.00384
2.97594 3.00383
2.976 3.00382
2.97607 3.0038
2.97614 3.00379
2.97621 3.00378
2.97627 3.00377
2.97634 3.00376
2.97641 3.00375
2.97647 3.00374
2.97654 3.00373
2.97661 3.00372
2.97667 3.00371
2.97674 3.0037
2.9768 3.00369
2.97687 3.00368
2.97694 3.00367
2.977 3.00366
2.97707 3.00365
2.97713 3.00364
2.97719 3.00363
2.97726 3.00362
2.97732 3.00361
2.97739 3.0036
2.97745 3.00359
2.97751 3.00358
2.97758 3.00357
2.97764 3.00355
2.9777 3.00354
2.97777 3.00353
2.97783 3.00352
2.97789 3.00351
2.97796 3.00351
2.97802 3.0035
2.97808 3.00349
2.97814 3.00348
2.9782 3.00347
2.97827 3.00346
2.97833 3.00345
2.97839 3.00344
2.97845 3.00343
2.97851 3.00342
2.97857 3.00341
2.97863 3.0034
2.97869 3.00339
2.97875 3.00338
2.97881 3.00337
2.97887 3.00336
2.97893 3.00335
2.97899 3.00334
2.97905 3.00333
2.97911 3.00332
2.97917 3.00331
2.97923 3.0033
2.97929 3.00329
2.97934 3.00328
2.9794 3.00327
2.97946 3.00327
2.97952 3.00326
2.97958 3.00325
2.97963 3.00324
2.97969 3.00323
2.97975 3.00322
2.97981 3.00321
2.97986 3.0032
2.97992 3.00319
2.97998 3.00318
2.98003 3.00317
2.98009 3.00317
2.98015 3.00316
2.9802 3.00315
2.98026 3.00314
2.98031 3.00313
2.98037 3.00312
2.98042 3.00311
2.98048 3.0031
2.98054 3.00309
2.98059 3.00309
2.98065 3.00308
2.9807 3.00307
2.98075 3.00306
2.98081 3.00305
2.98086 3.00304
2.98092 3.00303
2.98097 3.00303
2.98102 3.00302
2.98108 3.00301
2.98113 3.003
2.98118 3.00299
2.98124 3.00298
2.98129 3.00297
2.98134 3.00297
2.9814 3.00296
2.98145 3.00295
2.9815 3.00294
2.98155 3.00293
2.98161 3.00292
2.98166 3.00292
2.98171 3.00291
2.98176 3.0029
2.98181 3.00289
2.98186 3.00288
2.98192 3.00288
2.98197 3.00287
2.98202 3.00286
2.98207 3.00285
2.98212 3.00284
2.98217 3.00284
2.98222 3.00283
2.98227 3.00282
2.98232 3.00281
2.98237 3.0028
2.98242 3.0028
2.98247 3.00279
2.98252 3.00278
2.98257 3.00277
2.98262 3.00276
2.98267 3.00276
2.98272 3.00275
2.98276 3.00274
2.98281 3.00273
2.98286 3.00272
2.98291 3.00272
2.98296 3.00271
2.98301 3.0027
2.98305 3.00269
2.9831 3.00269
2.98315 3.00268
2.9832 3.00267
2.98325 3.00266
2.98329 3.00266
2.98334 3.00265
2.98339 3.00264
2.98343 3.00263
2.98348 3.00263
2.98353 3.00262
2.98357 3.00261
2.98362 3.0026
2.98367 3.0026
2.98371 3.00259
2.98376 3.00258
2.9838 3.00258
2.98385 3.00257
2.9839 3.00256
2.98394 3.00255
2.98399 3.00255
2.98403 3.00254
2.98408 3.00253
2.98412 3.00252
2.98417 3.00252
2.98421 3.00251
2.98426 3.0025
2.9843 3.0025
2.98434 3.00249
2.98439 3.00248
2.98443 3.00248
2.98448 3.00247
2.98452 3.00246
2.98456 3.00245
2.98461 3.00245
2.98465 3.00244
2.9847 3.00243
2.98474 3.00243
2.98478 3.00242
2.98482 3.00241
2.98487 3.00241
2.98491 3.0024
2.98495 3.00239
2.985 3.00239
2.98504 3.00238
2.98508 3.00237
2.98512 3.00237
2.98516 3.00236
2.98521 3.00235
2.98525 3.00235
2.98529 3.00234
2.98533 3.00233
2.98537 3.00233
2.98541 3.00232
2.98545 3.00231
2.9855 3.00231
2.98554 3.0023
2.98558 3.00229
2.98562 3.00229
2.98566 3.00228
2.9857 3.00227
2.98574 3.00227
2.98578 3.00226
2.98582 3.00225
2.98586 3.00225
2.9859 3.00224
2.98594 3.00224
2.98598 3.00223
2.98602 3.00222
2.98606 3.00222
2.9861 3.00221
2.98614 3.0022
2.98618 3.0022
2.98622 3.00219
2.98625 3.00219
2.98629 3.00218
2.98633 3.00217
2.98637 3.00217
2.98641 3.00216
2.98645 3.00215
2.98649 3.00215
2.98652 3.00214
2.98656 3.00214
2.9866 3.00213
2.98664 3.00212
2.98668 3.00212
2.98671 3.00211
2.98675 3.00211
2.98679 3.0021
2.98683 3.00209
2.98686 3.00209
2.9869 3.00208
2.98694 3.00208
2.98697 3.00207
2.98701 3.00207
2.98705 3.00206
2.98708 3.00205
2.98712 3.00205
2.98716 3.00204
2.98719 3.00204
2.98723 3.00203
2.98727 3.00202
2.9873 3.00202
2.98734 3.00201
2.98737 3.00201
2.98741 3.002
2.98744 3.002
2.98748 3.00199
2.98752 3.00199
2.98755 3.00198
2.98759 3.00197
2.98762 3.00197
2.98766 3.00196
2.98769 3.00196
2.98773 3.00195
2.98776 3.00195
2.98779 3.00194
2.98783 3.00194
2.98786 3.00193
2.9879 3.00192
2.98793 3.00192
2.98797 3.00191
2.988 3.00191
2.98803 3.0019
2.98807 3.0019
2.9881 3.00189
2.98813 3.00189
2.98817 3.00188
2.9882 3.00188
2.98824 3.00187
2.98827 3.00187
2.9883 3.00186
2.98833 3.00185
2.98837 3.00185
2.9884 3.00184
2.98843 3.00184
2.98847 3.00183
2.9885 3.00183
2.98853 3.00182
2.98856 3.00182
2.9886 3.00181
2.98863 3.00181
2.98866 3.0018
2.98869 3.0018
2.98872 3.00179
2.98876 3.00179
2.98879 3.00178
2.98882 3.00178
2.98885 3.00177
2.98888 3.00177
2.98891 3.00176
2.98894 3.00176
2.98898 3.00175
2.98901 3.00175
2.98904 3.00174
2.98907 3.00174
2.9891 3.00173
2.98913 3.00173
2.98916 3.00172
2.98919 3.00172
2.98922 3.00171
2.98925 3.00171
2.98928 3.0017
2.98931 3.0017
2.98934 3.00169
2.98937 3.00169
2.9894 3.00168
2.98943 3.00168
2.98946 3.00168
2.98949 3.00167
2.98952 3.00167
2.98955 3.00166
2.98958 3.00166
2.98961 3.00165
2.98964 3.00165
2.98967 3.00164
2.9897 3.00164
2.98973 3.00163
2.98976 3.00163
2.98979 3.00162
2.98982 3.00162
2.98984 3.00161
2.98987 3.00161
2.9899 3.00161
2.98993 3.0016
2.98996 3.0016
2.98999 3.00159
2.99002 3.00159
2.99004 3.00158
2.99007 3.00158
2.9901 3.00157
2.99013 3.00157
2.99016 3.00157
2.99018 3.00156
2.99021 3.00156
2.99024 3.00155
2.99027 3.00155
2.99029 3.00154
2.99032 3.00154
2.99035 3.00153
2.99038 3.00153
2.9904 3.00153
2.99043 3.00152
2.99046 3.00152
2.99048 3.00151
2.99051 3.00151
2.99054 3.0015
2.99056 3.0015
2.99059 3.0015
2.99062 3.00149
2.99064 3.00149
2.99067 3.00148
2.9907 3.00148
2.99072 3.00148
2.99075 3.00147
2.99078 3.00147
2.9908 3.00146
2.99083 3.00146
2.99085 3.00145
2.99088 3.00145
2.99091 3.00145
2.99093 3.00144
2.99096 3.00144
2.99098 3.00143
2.99101 3.00143
2.99103 3.00143
2.99106 3.00142
2.99108 3.00142
2.99111 3.00141
2.99113 3.00141
2.99116 3.00141
2.99118 3.0014
2.99121 3.0014
2.99123 3.00139
2.99126 3.00139
2.99128 3.00139
2.99131 3.00138
2.99133 3.00138
2.99136 3.00137
2.99138 3.00137
2.99141 3.00137
2.99143 3.00136
2.99145 3.00136
2.99148 3.00136
2.9915 3.00135
2.99153 3.00135
2.99155 3.00134
2.99157 3.00134
2.9916 3.00134
2.99162 3.00133
2.99164 3.00133
2.99167 3.00132
2.99169 3.00132
2.99172 3.00132
2.99174 3.00131
2.99176 3.00131
2.99179 3.00131
2.99181 3.0013
2.99183 3.0013
2.99185 3.0013
2.99188 3.00129
2.9919 3.00129
2.99192 3.00128
2.99195 3.00128
2.99197 3.00128
2.99199 3.00127
2.99201 3.00127
2.99204 3.00127
2.99206 3.00126
2.99208 3.00126
2.9921 3.00126
2.99213 3.00125
2.99215 3.00125
2.99217 3.00124
2.99219 3.00124
2.99222 3.00124
2.99224 3.00123
2.99226 3.00123
2.99228 3.00123
2.9923 3.00122
2.99232 3.00122
2.99235 3.00122
2.99237 3.00121
2.99239 3.00121
2.99241 3.00121
2.99243 3.0012
2.99245 3.0012
2.99248 3.0012
2.9925 3.00119
2.99252 3.00119
2.99254 3.00119
2.99256 3.00118
2.99258 3.00118
2.9926 3.00118
2.99262 3.00117
2.99264 3.00117
2.99266 3.00117
2.99269 3.00116
2.99271 3.00116
2.99273 3.00116
2.99275 3.00115
2.99277 3.00115
2.99279 3.00115
2.99281 3.00114
2.99283 3.00114
2.99285 3.00114
2.99287 3.00113
2.99289 3.00113
2.99291 3.00113
2.99293 3.00112
2.99295 3.00112
2.99297 3.00112
2.99299 3.00111
2.99301 3.00111
2.99303 3.00111
2.99305 3.00111
2.99307 3.0011
2.99309 3.0011
2.99311 3.0011
2.99313 3.00109
2.99315 3.00109
2.99317 3.00109
2.99318 3.00108
2.9932 3.00108
2.99322 3.00108
2.99324 3.00107
2.99326 3.00107
2.99328 3.00107
2.9933 3.00107
2.99332 3.00106
2.99334 3.00106
2.99336 3.00106
2.99337 3.00105
2.99339 3.00105
2.99341 3.00105
2.99343 3.00104
2.99345 3.00104
2.99347 3.00104
2.99349 3.00104
2.9935 3.00103
2.99352 3.00103
2.99354 3.00103
2.99356 3.00102
2.99358 3.00102
2.9936 3.00102
2.99361 3.00102
2.99363 3.00101
2.99365 3.00101
2.99367 3.00101
2.99369 3.001
2.9937 3.001
2.99372 3.001
2.99374 3.001
2.99376 3.00099
2.99377 3.00099
2.99379 3.00099
2.99381 3.00098
2.99383 3.00098
2.99384 3.00098
2.99386 3.00098
2.99388 3.00097
2.9939 3.00097
2.99391 3.00097
2.99393 3.00097
2.99395 3.00096
2.99396 3.00096
2.99398 3.00096
2.994 3.00095
2.99402 3.00095
2.99403 3.00095
2.99405 3.00095
2.99407 3.00094
2.99408 3.00094
2.9941 3.00094
2.99412 3.00094
2.99413 3.00093
2.99415 3.00093
2.99417 3.00093
2.99418 3.00092
2.9942 3.00092
2.99422 3.00092
2.99423 3.00092
2.99425 3.00091
2.99426 3.00091
2.99428 3.00091
2.9943 3.00091
2.99431 3.0009
2.99433 3.0009
2.99435 3.0009
2.99436 3.0009
2.99438 3.00089
2.99439 3.00089
2.99441 3.00089
2.99442 3.00089
2.99444 3.00088
2.99446 3.00088
2.99447 3.00088
2.99449 3.00088
2.9945 3.00087
2.99452 3.00087
2.99453 3.00087
2.99455 3.00087
2.99456 3.00086
2.99458 3.00086
2.9946 3.00086
2.99461 3.00086
2.99463 3.00085
2.99464 3.00085
2.99466 3.00085
2.99467 3.00085
2.99469 3.00084
2.9947 3.00084
2.99472 3.00084
2.99473 3.00084
2.99475 3.00084
2.99476 3.00083
2.99478 3.00083
2.99479 3.00083
2.99481 3.00083
2.99482 3.00082
2.99483 3.00082
2.99485 3.00082
2.99486 3.00082
2.99488 3.00081
2.99489 3.00081
2.99491 3.00081
2.99492 3.00081
2.99494 3.00081
2.99495 3.0008
2.99496 3.0008
2.99498 3.0008
2.99499 3.0008
2.99501 3.00079
2.99502 3.00079
2.99503 3.00079
2.99505 3.00079
2.99506 3.00078
2.99508 3.00078
2.99509 3.00078
2.9951 3.00078
2.99512 3.00078
2.99513 3.00077
2.99515 3.00077
2.99516 3.00077
2.99517 3.00077
2.99519 3.00077
2.9952 3.00076
2.99521 3.00076
2.99523 3.00076
2.99524 3.00076
2.99525 3.00075
2.99527 3.00075
2.99528 3.00075
2.99529 3.00075
2.99531 3.00075
2.99532 3.00074
2.99533 3.00074
2.99535 3.00074
2.99536 3.00074
2.99537 3.00074
2.99539 3.00073
2.9954 3.00073
2.99541 3.00073
2.99543 3.00073
2.99544 3.00073
2.99545 3.00072
2.99546 3.00072
2.99548 3.00072
2.99549 3.00072
2.9955 3.00072
2.99552 3.00071
2.99553 3.00071
2.99554 3.00071
2.99555 3.00071
2.99557 3.0007
2.99558 3.0007
2.99559 3.0007
2.9956 3.0007
2.99562 3.0007
2.99563 3.0007
2.99564 3.00069
2.99565 3.00069
2.99567 3.00069
2.99568 3.00069
2.99569 3.00069
2.9957 3.00068
2.99571 3.00068
2.99573 3.00068
2.99574 3.00068
2.99575 3.00068
2.99576 3.00067
2.99577 3.00067
2.99579 3.00067
2.9958 3.00067
2.99581 3.00067
2.99582 3.00066
2.99583 3.00066
2.99585 3.00066
2.99586 3.00066
2.99587 3.00066
2.99588 3.00065
2.99589 3.00065
2.9959 3.00065
2.99592 3.00065
2.99593 3.00065
2.99594 3.00065
2.99595 3.00064
2.99596 3.00064
2.99597 3.00064
2.99598 3.00064
2.996 3.00064
2.99601 3.00063
2.99602 3.00063
2.99603 3.00063
2.99604 3.00063
2.99605 3.00063
2.99606 3.00063
2.99607 3.00062
2.99608 3.00062
2.9961 3.00062
2.99611 3.00062
2.99612 3.00062
2.99613 3.00062
2.99614 3.00061
2.99615 3.00061
2.99616 3.00061
2.99617 3.00061
2.99618 3.00061
2.99619 3.00061
2.9962 3.0006
2.99622 3.0006
2.99623 3.0006
2.99624 3.0006
2.99625 3.0006
2.99626 3.00059
2.99627 3.00059
2.99628 3.00059
2.99629 3.00059
2.9963 3.00059
2.99631 3.00059
2.99632 3.00058
2.99633 3.00058
2.99634 3.00058
2.99635 3.00058
2.99636 3.00058
2.99637 3.00058
2.99638 3.00058
2.99639 3.00057
2.9964 3.00057
2.99641 3.00057
2.99642 3.00057
2.99643 3.00057
2.99644 3.00057
2.99645 3.00056
2.99646 3.00056
2.99647 3.00056
2.99648 3.00056
2.99649 3.00056
2.9965 3.00056
2.99651 3.00055
2.99652 3.00055
2.99653 3.00055
2.99654 3.00055
2.99655 3.00055
2.99656 3.00055
2.99657 3.00054
2.99658 3.00054
2.99659 3.00054
2.9966 3.00054
2.99661 3.00054
2.99662 3.00054
2.99663 3.00054
2.99664 3.00053
2.99665 3.00053
2.99666 3.00053
2.99667 3.00053
2.99668 3.00053
2.99669 3.00053
2.9967 3.00053
2.99671 3.00052
2.99671 3.00052
2.99672 3.00052
2.99673 3.00052
2.99674 3.00052
2.99675 3.00052
2.99676 3.00052
2.99677 3.00051
2.99678 3.00051
2.99679 3.00051
2.9968 3.00051
2.99681 3.00051
2.99682 3.00051
2.99682 3.0005
2.99683 3.0005
2.99684 3.0005
2.99685 3.0005
2.99686 3.0005
2.99687 3.0005
2.99688 3.0005
2.99689 3.0005
2.9969 3.00049
2.9969 3.00049
2.99691 3.00049
2.99692 3.00049
2.99693 3.00049
2.99694 3.00049
2.99695 3.00049
2.99696 3.00048
2.99696 3.00048
2.99697 3.00048
2.99698 3.00048
2.99699 3.00048
2.997 3.00048
2.99701 3.00048
2.99702 3.00047
2.99702 3.00047
2.99703 3.00047
2.99704 3.00047
2.99705 3.00047
2.99706 3.00047
2.99707 3.00047
2.99707 3.00047
2.99708 3.00046
2.99709 3.00046
2.9971 3.00046
2.99711 3.00046
2.99712 3.00046
2.99712 3.00046
2.99713 3.00046
2.99714 3.00045
2.99715 3.00045
2.99716 3.00045
2.99716 3.00045
2.99717 3.00045
2.99718 3.00045
2.99719 3.00045
2.9972 3.00045
2.9972 3.00044
2.99721 3.00044
2.99722 3.00044
2.99723 3.00044
2.99724 3.00044
2.99724 3.00044
2.99725 3.00044
2.99726 3.00044
2.99727 3.00043
2.99727 3.00043
2.99728 3.00043
2.99729 3.00043
2.9973 3.00043
2.9973 3.00043
2.99731 3.00043
2.99732 3.00043
2.99733 3.00042
2.99734 3.00042
2.99734 3.00042
2.99735 3.00042
2.99736 3.00042
2.99737 3.00042
2.99737 3.00042
2.99738 3.00042
2.99739 3.00042
2.99739 3.00041
2.9974 3.00041
2.99741 3.00041
2.99742 3.00041
2.99742 3.00041
2.99743 3.00041
2.99744 3.00041
2.99745 3.00041
2.99745 3.0004
2.99746 3.0004
2.99747 3.0004
2.99747 3.0004
2.99748 3.0004
2.99749 3.0004
2.9975 3.0004
2.9975 3.0004
2.99751 3.0004
2.99752 3.00039
2.99752 3.00039
2.99753 3.00039
2.99754 3.00039
2.99755 3.00039
2.99755 3.00039
2.99756 3.00039
2.99757 3.00039
2.99757 3.00039
2.99758 3.00038
2.99759 3.00038
2.99759 3.00038
2.9976 3.00038
2.99761 3.00038
2.99761 3.00038
2.99762 3.00038
2.99763 3.00038
2.99763 3.00038
2.99764 3.00038
2.99765 3.00037
2.99765 3.00037
2.99766 3.00037
2.99767 3.00037
2.99767 3.00037
2.99768 3.00037
2.99769 3.00037
2.99769 3.00037
2.9977 3.00037
2.99771 3.00036
2.99771 3.00036
2.99772 3.00036
2.99773 3.00036
2.99773 3.00036
2.99774 3.00036
2.99774 3.00036
2.99775 3.00036
2.99776 3.00036
2.99776 3.00036
2.99777 3.00035
2.99778 3.00035
2.99778 3.00035
2.99779 3.00035
2.9978 3.00035
2.9978 3.00035
2.99781 3.00035
2.99781 3.00035
2.99782 3.00035
2.99783 3.00035
2.99783 3.00034
2.99784 3.00034
2.99784 3.00034
2.99785 3.00034
2.99786 3.00034
2.99786 3.00034
2.99787 3.00034
2.99787 3.00034
2.99788 3.00034
2.99789 3.00034
2.99789 3.00034
2.9979 3.00033
2.9979 3.00033
2.99791 3.00033
2.99792 3.00033
2.99792 3.00033
2.99793 3.00033
2.99793 3.00033
2.99794 3.00033
2.99795 3.00033
2.99795 3.00033
2.99796 3.00032
2.99796 3.00032
2.99797 3.00032
2.99797 3.00032
2.99798 3.00032
2.99799 3.00032
2.99799 3.00032
2.998 3.00032
2.998 3.00032
2.99801 3.00032
2.99801 3.00032
2.99802 3.00031
2.99803 3.00031
2.99803 3.00031
2.99804 3.00031
2.99804 3.00031
2.99805 3.00031
2.99805 3.00031
2.99806 3.00031
2.99806 3.00031
2.99807 3.00031
2.99808 3.00031
2.99808 3.00031
2.99809 3.0003
2.99809 3.0003
2.9981 3.0003
2.9981 3.0003
2.99811 3.0003
2.99811 3.0003
2.99812 3.0003
2.99812 3.0003
2.99813 3.0003
2.99813 3.0003
2.99814 3.0003
2.99814 3.0003
2.99815 3.00029
2.99816 3.00029
2.99816 3.00029
2.99817 3.00029
2.99817 3.00029
2.99818 3.00029
2.99818 3.00029
2.99819 3.00029
2.99819 3.00029
2.9982 3.00029
2.9982 3.00029
2.99821 3.00029
2.99821 3.00028
2.99822 3.00028
2.99822 3.00028
2.99823 3.00028
2.99823 3.00028
2.99824 3.00028
2.99824 3.00028
2.99825 3.00028
2.99825 3.00028
2.99826 3.00028
2.99826 3.00028
2.99827 3.00028
2.99827 3.00027
2.99828 3.00027
2.99828 3.00027
2.99829 3.00027
2.99829 3.00027
2.9983 3.00027
2.9983 3.00027
2.99831 3.00027
2.99831 3.00027
2.99831 3.00027
2.99832 3.00027
2.99832 3.00027
2.99833 3.00027
2.99833 3.00026
2.99834 3.00026
2.99834 3.00026
2.99835 3.00026
2.99835 3.00026
2.99836 3.00026
2.99836 3.00026
2.99837 3.00026
2.99837 3.00026
2.99838 3.00026
2.99838 3.00026
2.99838 3.00026
2.99839 3.00026
2.99839 3.00026
2.9984 3.00025
2.9984 3.00025
2.99841 3.00025
2.99841 3.00025
2.99842 3.00025
2.99842 3.00025
2.99843 3.00025
2.99843 3.00025
2.99843 3.00025
2.99844 3.00025
2.99844 3.00025
2.99845 3.00025
2.99845 3.00025
2.99846 3.00025
2.99846 3.00024
2.99846 3.00024
2.99847 3.00024
2.99847 3.00024
2.99848 3.00024
2.99848 3.00024
2.99849 3.00024
2.99849 3.00024
2.9985 3.00024
2.9985 3.00024
2.9985 3.00024
2.99851 3.00024
2.99851 3.00024
2.99852 3.00024
2.99852 3.00024
2.99852 3.00023
2.99853 3.00023
2.99853 3.00023
2.99854 3.00023
2.99854 3.00023
2.99855 3.00023
2.99855 3.00023
2.99855 3.00023
2.99856 3.00023
2.99856 3.00023
2.99857 3.00023
2.99857 3.00023
2.99857 3.00023
2.99858 3.00023
2.99858 3.00023
2.99859 3.00022
2.99859 3.00022
2.99859 3.00022
2.9986 3.00022
2.9986 3.00022
2.99861 3.00022
2.99861 3.00022
2.99861 3.00022
2.99862 3.00022
2.99862 3.00022
2.99863 3.00022
2.99863 3.00022
2.99863 3.00022
2.99864 3.00022
2.99864 3.00022
2.99864 3.00022
2.99865 3.00021
2.99865 3.00021
2.99866 3.00021
2.99866 3.00021
2.99866 3.00021
2.99867 3.00021
2.99867 3.00021
2.99867 3.00021
2.99868 3.00021
2.99868 3.00021
2.99869 3.00021
2.99869 3.00021
2.99869 3.00021
2.9987 3.00021
2.9987 3.00021
2.9987 3.00021
2.99871 3.00021
2.99871 3.0002
2.99872 3.0002
2.99872 3.0002
2.99872 3.0002
2.99873 3.0002
2.99873 3.0002
2.99873 3.0002
2.99874 3.0002
2.99874 3.0002
2.99874 3.0002
2.99875 3.0002
2.99875 3.0002
2.99875 3.0002
2.99876 3.0002
2.99876 3.0002
2.99877 3.0002
2.99877 3.0002
2.99877 3.0002
2.99878 3.00019
2.99878 3.00019
2.99878 3.00019
2.99879 3.00019
2.99879 3.00019
2.99879 3.00019
2.9988 3.00019
2.9988 3.00019
2.9988 3.00019
2.99881 3.00019
2.99881 3.00019
2.99881 3.00019
2.99882 3.00019
2.99882 3.00019
2.99882 3.00019
2.99883 3.00019
2.99883 3.00019
2.99883 3.00019
2.99884 3.00018
2.99884 3.00018
2.99884 3.00018
2.99885 3.00018
2.99885 3.00018
2.99885 3.00018
2.99886 3.00018
2.99886 3.00018
2.99886 3.00018
2.99887 3.00018
2.99887 3.00018
2.99887 3.00018
2.99888 3.00018
2.99888 3.00018
2.99888 3.00018
2.99888 3.00018
2.99889 3.00018
2.99889 3.00018
2.99889 3.00018
2.9989 3.00018
2.9989 3.00017
2.9989 3.00017
2.99891 3.00017
2.99891 3.00017
2.99891 3.00017
2.99892 3.00017
2.99892 3.00017
2.99892 3.00017
2.99893 3.00017
2.99893 3.00017
2.99893 3.00017
2.99893 3.00017
2.99894 3.00017
2.99894 3.00017
2.99894 3.00017
2.99895 3.00017
2.99895 3.00017
2.99895 3.00017
2.99896 3.00017
2.99896 3.00017
2.99896 3.00017
2.99896 3.00016
2.99897 3.00016
2.99897 3.00016
2.99897 3.00016
2.99898 3.00016
2.99898 3.00016
2.99898 3.00016
2.99898 3.00016
2.99899 3.00016
2.99899 3.00016
2.99899 3.00016
2.999 3.00016
2.999 3.00016
2.999 3.00016
2.999 3.00016
2.99901 3.00016
2.99901 3.00016
2.99901 3.00016
2.99902 3.00016
2.99902 3.00016
2.99902 3.00016
2.99902 3.00016
2.99903 3.00015
2.99903 3.00015
2.99903 3.00015
2.99903 3.00015
2.99904 3.00015
2.99904 3.00015
2.99904 3.00015
2.99905 3.00015
2.99905 3.00015
2.99905 3.00015
2.99905 3.00015
2.99906 3.00015
2.99906 3.00015
2.99906 3.00015
2.99906 3.00015
2.99907 3.00015
2.99907 3.00015
2.99907 3.00015
2.99907 3.00015
2.99908 3.00015
2.99908 3.00015
2.99908 3.00015
2.99909 3.00015
2.99909 3.00015
2.99909 3.00014
2.99909 3.00014
2.9991 3.00014
2.9991 3.00014
2.9991 3.00014
2.9991 3.00014
2.99911 3.00014
2.99911 3.00014
2.99911 3.00014
2.99911 3.00014
2.99912 3.00014
2.99912 3.00014
2.99912 3.00014
2.99912 3.00014
2.99913 3.00014
2.99913 3.00014
2.99913 3.00014
2.99913 3.00014
2.99914 3.00014
2.99914 3.00014
2.99914 3.00014
2.99914 3.00014
2.99915 3.00014
2.99915 3.00014
2.99915 3.00014
2.99915 3.00013
2.99915 3.00013
2.99916 3.00013
2.99916 3.00013
2.99916 3.00013
2.99916 3.00013
2.99917 3.00013
2.99917 3.00013
2.99917 3.00013
2.99917 3.00013
2.99918 3.00013
2.99918 3.00013
2.99918 3.00013
2.99918 3.00013
2.99919 3.00013
2.99919 3.00013
2.99919 3.00013
2.99919 3.00013
2.99919 3.00013
2.9992 3.00013
2.9992 3.00013
2.9992 3.00013
2.9992 3.00013
2.99921 3.00013
2.99921 3.00013
2.99921 3.00013
2.99921 3.00013
2.99921 3.00012
2.99922 3.00012
2.99922 3.00012
2.99922 3.00012
2.99922 3.00012
2.99923 3.00012
2.99923 3.00012
2.99923 3.00012
2.99923 3.00012
2.99923 3.00012
2.99924 3.00012
2.99924 3.00012
2.99924 3.00012
2.99924 3.00012
2.99925 3.00012
2.99925 3.00012
2.99925 3.00012
2.99925 3.00012
2.99925 3.00012
2.99926 3.00012
2.99926 3.00012
2.99926 3.00012
2.99926 3.00012
2.99926 3.00012
2.99927 3.00012
2.99927 3.00012
2.99927 3.00012
2.99927 3.00012
2.99927 3.00012
2.99928 3.00012
2.99928 3.00011
2.99928 3.00011
2.99928 3.00011
2.99928 3.00011
2.99929 3.00011
2.99929 3.00011
2.99929 3.00011
2.99929 3.00011
2.99929 3.00011
2.9993 3.00011
2.9993 3.00011
2.9993 3.00011
2.9993 3.00011
2.9993 3.00011
2.99931 3.00011
2.99931 3.00011
2.99931 3.00011
2.99931 3.00011
2.99931 3.00011
2.99932 3.00011
2.99932 3.00011
2.99932 3.00011
2.99932 3.00011
2.99932 3.00011
2.99933 3.00011
2.99933 3.00011
2.99933 3.00011
2.99933 3.00011
2.99933 3.00011
2.99934 3.00011
2.99934 3.00011
2.99934 3.00011
2.99934 3.0001
2.99934 3.0001
2.99934 3.0001
2.99935 3.0001
2.99935 3.0001
2.99935 3.0001
2.99935 3.0001
2.99935 3.0001
2.99936 3.0001
2.99936 3.0001
2.99936 3.0001
2.99936 3.0001
2.99936 3.0001
2.99936 3.0001
2.99937 3.0001
2.99937 3.0001
2.99937 3.0001
2.99937 3.0001
2.99937 3.0001
2.99938 3.0001
2.99938 3.0001
2.99938 3.0001
2.99938 3.0001
2.99938 3.0001
2.99938 3.0001
2.99939 3.0001
2.99939 3.0001
2.99939 3.0001
2.99939 3.0001
2.99939 3.0001
2.99939 3.0001
2.9994 3.0001
2.9994 3.0001
2.9994 3.0001
2.9994 3.0001
2.9994 3.00009
2.9994 3.00009
2.99941 3.00009
2.99941 3.00009
2.99941 3.00009
2.99941 3.00009
2.99941 3.00009
2.99941 3.00009
2.99942 3.00009
2.99942 3.00009
2.99942 3.00009
2.99942 3.00009
2.99942 3.00009
2.99942 3.00009
2.99943 3.00009
2.99943 3.00009
2.99943 3.00009
2.99943 3.00009
2.99943 3.00009
2.99943 3.00009
2.99944 3.00009
2.99944 3.00009
2.99944 3.00009
2.99944 3.00009
2.99944 3.00009
2.99944 3.00009
2.99945 3.00009
2.99945 3.00009
2.99945 3.00009
2.99945 3.00009
2.99945 3.00009
2.99945 3.00009
2.99945 3.00009
2.99946 3.00009
2.99946 3.00009
2.99946 3.00009
2.99946 3.00009
2.99946 3.00009
2.99946 3.00009
2.99947 3.00008
2.99947 3.00008
2.99947 3.00008
2.99947 3.00008
2.99947 3.00008
2.99947 3.00008
2.99947 3.00008
2.99948 3.00008
2.99948 3.00008
2.99948 3.00008
2.99948 3.00008
2.99948 3.00008
2.99948 3.00008
2.99948 3.00008
2.99949 3.00008
2.99949 3.00008
2.99949 3.00008
2.99949 3.00008
2.99949 3.00008
2.99949 3.00008
2.99949 3.00008
2.9995 3.00008
2.9995 3.00008
2.9995 3.00008
2.9995 3.00008
2.9995 3.00008
2.9995 3.00008
2.9995 3.00008
2.99951 3.00008
2.99951 3.00008
2.99951 3.00008
2.99951 3.00008
2.99951 3.00008
2.99951 3.00008
2.99951 3.00008
2.99952 3.00008
2.99952 3.00008
2.99952 3.00008
2.99952 3.00008
2.99952 3.00008
2.99952 3.00008
2.99952 3.00008
2.99953 3.00008
2.99953 3.00008
2.99953 3.00008
2.99953 3.00007
2.99953 3.00007
2.99953 3.00007
2.99953 3.00007
2.99953 3.00007
2.99954 3.00007
2.99954 3.00007
2.99954 3.00007
2.99954 3.00007
2.99954 3.00007
2.99954 3.00007
2.99954 3.00007
2.99955 3.00007
2.99955 3.00007
2.99955 3.00007
2.99955 3.00007
2.99955 3.00007
2.99955 3.00007
2.99955 3.00007
2.99955 3.00007
2.99956 3.00007
2.99956 3.00007
2.99956 3.00007
2.99956 3.00007
2.99956 3.00007
2.99956 3.00007
2.99956 3.00007
2.99956 3.00007
2.99957 3.00007
2.99957 3.00007
2.99957 3.00007
2.99957 3.00007
2.99957 3.00007
2.99957 3.00007
2.99957 3.00007
2.99957 3.00007
2.99957 3.00007
2.99958 3.00007
2.99958 3.00007
2.99958 3.00007
2.99958 3.00007
2.99958 3.00007
2.99958 3.00007
2.99958 3.00007
2.99958 3.00007
2.99959 3.00007
2.99959 3.00007
2.99959 3.00007
2.99959 3.00007
2.99959 3.00007
2.99959 3.00006
2.99959 3.00006
2.99959 3.00006
2.99959 3.00006
2.9996 3.00006
2.9996 3.00006
2.9996 3.00006
2.9996 3.00006
2.9996 3.00006
2.9996 3.00006
2.9996 3.00006
2.9996 3.00006
2.99961 3.00006
2.99961 3.00006
2.99961 3.00006
2.99961 3.00006
2.99961 3.00006
2.99961 3.00006
2.99961 3.00006
2.99961 3.00006
2.99961 3.00006
2.99962 3.00006
2.99962 3.00006
2.99962 3.00006
2.99962 3.00006
2.99962 3.00006
2.99962 3.00006
2.99962 3.00006
2.99962 3.00006
2.99962 3.00006
2.99962 3.00006
2.99963 3.00006
2.99963 3.00006
2.99963 3.00006
2.99963 3.00006
2.99963 3.00006
2.99963 3.00006
2.99963 3.00006
2.99963 3.00006
2.99963 3.00006
2.99964 3.00006
2.99964 3.00006
2.99964 3.00006
2.99964 3.00006
2.99964 3.00006
2.99964 3.00006
2.99964 3.00006
2.99964 3.00006
2.99964 3.00006
2.99964 3.00006
2.99965 3.00006
2.99965 3.00006
2.99965 3.00006
2.99965 3.00006
2.99965 3.00006
2.99965 3.00006
2.99965 3.00006
2.99965 3.00006
2.99965 3.00006
2.99965 3.00005
2.99966 3.00005
2.99966 3.00005
2.99966 3.00005
2.99966 3.00005
2.99966 3.00005
2.99966 3.00005
2.99966 3.00005
2.99966 3.00005
2.99966 3.00005
2.99966 3.00005
2.99966 3.00005
2.99967 3.00005
2.99967 3.00005
2.99967 3.00005
2.99967 3.00005
2.99967 3.00005
2.99967 3.00005
2.99967 3.00005
2.99967 3.00005
2.99967 3.00005
2.99967 3.00005
2.99968 3.00005
2.99968 3.00005
2.99968 3.00005
2.99968 3.00005
2.99968 3.00005
2.99968 3.00005
2.99968 3.00005
2.99968 3.00005
2.99968 3.00005
2.99968 3.00005
2.99968 3.00005
2.99969 3.00005
2.99969 3.00005
2.99969 3.00005
2.99969 3.00005
2.99969 3.00005
2.99969 3.00005
2.99969 3.00005
2.99969 3.00005
2.99969 3.00005
2.99969 3.00005
2.99969 3.00005
2.99969 3.00005
2.9997 3.00005
2.9997 3.00005
2.9997 3.00005
2.9997 3.00005
2.9997 3.00005
2.9997 3.00005
2.9997 3.00005
2.9997 3.00005
2.9997 3.00005
2.9997 3.00005
2.9997 3.00005
2.9997 3.00005
2.99971 3.00005
2.99971 3.00005
2.99971 3.00005
2.99971 3.00005
2.99971 3.00005
2.99971 3.00005
2.99971 3.00005
2.99971 3.00005
2.99971 3.00005
2.99971 3.00005
2.99971 3.00005
2.99971 3.00005
2.99972 3.00005
2.99972 3.00005
2.99972 3.00004
2.99972 3.00004
2.99972 3.00004
2.99972 3.00004
2.99972 3.00004
2.99972 3.00004
2.99972 3.00004
2.99972 3.00004
2.99972 3.00004
2.99972 3.00004
2.99973 3.00004
2.99973 3.00004
2.99973 3.00004
2.99973 3.00004
2.99973 3.00004
2.99973 3.00004
2.99973 3.00004
2.99973 3.00004
2.99973 3.00004
2.99973 3.00004
2.99973 3.00004
2.99973 3.00004
2.99973 3.00004
2.99973 3.00004
2.99974 3.00004
2.99974 3.00004
2.99974 3.00004
2.99974 3.00004
2.99974 3.00004
2.99974 3.00004
2.99974 3.00004
2.99974 3.00004
2.99974 3.00004
2.99974 3.00004
2.99974 3.00004
2.99974 3.00004
2.99974 3.00004
2.99975 3.00004
2.99975 3.00004
2.99975 3.00004
2.99975 3.00004
2.99975 3.00004
2.99975 3.00004
2.99975 3.00004
2.99975 3.00004
2.99975 3.00004
2.99975 3.00004
2.99975 3.00004
2.99975 3.00004
2.99975 3.00004
2.99975 3.00004
2.99976 3.00004
2.99976 3.00004
2.99976 3.00004
2.99976 3.00004
2.99976 3.00004
2.99976 3.00004
2.99976 3.00004
2.99976 3.00004
2.99976 3.00004
2.99976 3.00004
2.99976 3.00004
2.99976 3.00004
2.99976 3.00004
2.99976 3.00004
2.99976 3.00004
2.99977 3.00004
2.99977 3.00004
2.99977 3.00004
2.99977 3.00004
2.99977 3.00004
2.99977 3.00004
2.99977 3.00004
2.99977 3.00004
2.99977 3.00004
2.99977 3.00004
2.99977 3.00004
2.99977 3.00004
2.99977 3.00004
2.99977 3.00004
2.99977 3.00004
2.99978 3.00004
2.99978 3.00004
2.99978 3.00004
2.99978 3.00004
2.99978 3.00004
2.99978 3.00004
2.99978 3.00004
2.99978 3.00004
2.99978 3.00003
2.99978 3.00003
2.99978 3.00003
2.99978 3.00003
2.99978 3.00003
2.99978 3.00003
2.99978 3.00003
2.99978 3.00003
2.99979 3.00003
2.99979 3.00003
2.99979 3.00003
2.99979 3.00003
2.99979 3.00003
2.99979 3.00003
2.99979 3.00003
2.99979 3.00003
2.99979 3.00003
2.99979 3.00003
2.99979 3.00003
2.99979 3.00003
2.99979 3.00003
2.99979 3.00003
2.99979 3.00003
2.99979 3.00003
2.99979 3.00003
2.9998 3.00003
2.9998 3.00003
2.9998 3.00003
2.9998 3.00003
2.9998 3.00003
2.9998 3.00003
2.9998 3.00003
2.9998 3.00003
2.9998 3.00003
2.9998 3.00003
2.9998 3.00003
2.9998 3.00003
2.9998 3.00003
2.9998 3.00003
2.9998 3.00003
2.9998 3.00003
2.9998 3.00003
2.9998 3.00003
2.99981 3.00003
2.99981 3.00003
2.99981 3.00003
2.99981 3.00003
2.99981 3.00003
2.99981 3.00003
2.99981 3.00003
2.99981 3.00003
2.99981 3.00003
2.99981 3.00003
2.99981 3.00003
2.99981 3.00003
2.99981 3.00003
2.99981 3.00003
2.99981 3.00003
2.99981 3.00003
2.99981 3.00003
2.99981 3.00003
2.99981 3.00003
2.99982 3.00003
2.99982 3.00003
2.99982 3.00003
2.99982 3.00003
2.99982 3.00003
2.99982 3.00003
2.99982 3.00003
2.99982 3.00003
2.99982 3.00003
2.99982 3.00003
2.99982 3.00003
2.99982 3.00003
2.99982 3.00003
2.99982 3.00003
2.99982 3.00003
2.99982 3.00003
2.99982 3.00003
2.99982 3.00003
2.99982 3.00003
2.99983 3.00003
2.99983 3.00003
2.99983 3.00003
2.99983 3.00003
2.99983 3.00003
2.99983 3.00003
2.99983 3.00003
2.99983 3.00003
2.99983 3.00003
2.99983 3.00003
2.99983 3.00003
2.99983 3.00003
2.99983 3.00003
2.99983 3.00003
2.99983 3.00003
2.99983 3.00003
2.99983 3.00003
2.99983 3.00003
2.99983 3.00003
2.99983 3.00003
2.99983 3.00003
2.99984 3.00003
2.99984 3.00003
2.99984 3.00003
2.99984 3.00003
2.99984 3.00003
2.99984 3.00003
2.99984 3.00003
2.99984 3.00003
2.99984 3.00003
2.99984 3.00003
2.99984 3.00003
2.99984 3.00003
2.99984 3.00003
2.99984 3.00003
2.99984 3.00003
2.99984 3.00003
2.99984 3.00003
2.99984 3.00002
2.99984 3.00002
2.99984 3.00002
2.99984 3.00002
2.99984 3.00002
2.99985 3.00002
2.99985 3.00002
2.99985 3.00002
2.99985 3.00002
2.99985 3.00002
2.99985 3.00002
2.99985 3.00002
2.99985 3.00002
2.99985 3.00002
2.99985 3.00002
2.99985 3.00002
2.99985 3.00002
2.99985 3.00002
2.99985 3.00002
2.99985 3.00002
2.99985 3.00002
2.99985 3.00002
2.99985 3.00002
2.99985 3.00002
2.99985 3.00002
2.99985 3.00002
2.99985 3.00002
2.99985 3.00002
2.99985 3.00002
2.99986 3.00002
2.99986 3.00002
2.99986 3.00002
2.99986 3.00002
2.99986 3.00002
2.99986 3.00002
2.99986 3.00002
2.99986 3.00002
2.99986 3.00002
2.99986 3.00002
2.99986 3.00002
2.99986 3.00002
2.99986 3.00002
2.99986 3.00002
2.99986 3.00002
2.99986 3.00002
2.99986 3.00002
2.99986 3.00002
2.99986 3.00002
2.99986 3.00002
2.99986 3.00002
2.99986 3.00002
2.99986 3.00002
2.99986 3.00002
2.99986 3.00002
2.99987 3.00002
2.99987 3.00002
2.99987 3.00002
2.99987 3.00002
2.99987 3.00002
2.99987 3.00002
2.99987 3.00002
2.99987 3.00002
2.99987 3.00002
2.99987 3.00002
2.99987 3.00002
2.99987 3.00002
2.99987 3.00002
2.99987 3.00002
2.99987 3.00002
2.99987 3.00002
2.99987 3.00002
2.99987 3.00002
2.99987 3.00002
2.99987 3.00002
2.99987 3.00002
2.99987 3.00002
2.99987 3.00002
2.99987 3.00002
2.99987 3.00002
2.99987 3.00002
2.99987 3.00002
2.99988 3.00002
2.99988 3.00002
2.99988 3.00002
2.99988 3.00002
2.99988 3.00002
2.99988 3.00002
2.99988 3.00002
2.99988 3.00002
2.99988 3.00002
2.99988 3.00002
2.99988 3.00002
2.99988 3.00002
2.99988 3.00002
2.99988 3.00002
2.99988 3.00002
2.99988 3.00002
2.99988 3.00002
2.99988 3.00002
2.99988 3.00002
2.99988 3.00002
2.99988 3.00002
2.99988 3.00002
2.99988 3.00002
2.99988 3.00002
2.99988 3.00002
2.99988 3.00002
2.99988 3.00002
2.99988 3.00002
2.99988 3.00002
2.99988 3.00002
2.99989 3.00002
2.99989 3.00002
2.99989 3.00002
2.99989 3.00002
2.99989 3.00002
2.99989 3.00002
2.99989 3.00002
2.99989 3.00002
2.99989 3.00002
2.99989 3.00002
2.99989 3.00002
2.99989 3.00002
2.99989 3.00002
2.99989 3.00002
2.99989 3.00002
2.99989 3.00002
2.99989 3.00002
2.99989 3.00002
2.99989 3.00002
2.99989 3.00002
2.99989 3.00002
2.99989 3.00002
2.99989 3.00002
2.99989 3.00002
2.99989 3.00002
2.99989 3.00002
2.99989 3.00002
2.99989 3.00002
2.99989 3.00002
2.99989 3.00002
2.99989 3.00002
2.99989 3.00002
2.9999 3.00002
2.9999 3.00002
2.9999 3.00002
2.9999 3.00002
2.9999 3.00002
2.9999 3.00002
2.9999 3.00002
2.9999 3.00002
2.9999 3.00002
2.9999 3.00002
2.9999 3.00002
2.9999 3.00002
2.9999 3.00002
2.9999 3.00002
2.9999 3.00002
2.9999 3.00002
2.9999 3.00002
2.9999 3.00002
2.9999 3.00002
2.9999 3.00002
2.9999 3.00002
2.9999 3.00002
2.9999 3.00002
2.9999 3.00002
2.9999 3.00002
2.9999 3.00002
2.9999 3.00002
2.9999 3.00002
2.9999 3.00002
2.9999 3.00002
2.9999 3.00002
2.9999 3.00002
2.9999 3.00002
2.9999 3.00002
2.9999 3.00002
2.99991 3.00002
2.99991 3.00002
2.99991 3.00002
2.99991 3.00001
2.99991 3.00001
2.99991 3.00001
2.99991 3.00001
2.99991 3.00001
2.99991 3.00001
2.99991 3.00001
2.99991 3.00001
2.99991 3.00001
2.99991 3.00001
2.99991 3.00001
2.99991 3.00001
2.99991 3.00001
2.99991 3.00001
2.99991 3.00001
2.99991 3.00001
2.99991 3.00001
2.99991 3.00001
2.99991 3.00001
2.99991 3.00001
2.99991 3.00001
2.99991 3.00001
2.99991 3.00001
2.99991 3.00001
2.99991 3.00001
2.99991 3.00001
2.99991 3.00001
2.99991 3.00001
2.99991 3.00001
2.99991 3.00001
2.99991 3.00001
2.99991 3.00001
2.99991 3.00001
2.99991 3.00001
2.99991 3.00001
2.99991 3.00001
2.99991 3.00001
2.99992 3.00001
2.99992 3.00001
2.99992 3.00001
2.99992 3.00001
2.99992 3.00001
2.99992 3.00001
2.99992 3.00001
2.99992 3.00001
2.99992 3.00001
2.99992 3.00001
2.99992 3.00001
2.99992 3.00001
2.99992 3.00001
2.99992 3.00001
2.99992 3.00001
2.99992 3.00001
2.99992 3.00001
2.99992 3.00001
2.99992 3.00001
2.99992 3.00001
2.99992 3.00001
2.99992 3.00001
2.99992 3.00001
2.99992 3.00001
2.99992 3.00001
2.99992 3.00001
2.99992 3.00001
2.99992 3.00001
2.99992 3.00001
2.99992 3.00001
2.99992 3.00001
2.99992 3.00001
2.99992 3.00001
2.99992 3.00001
2.99992 3.00001
2.99992 3.00001
2.99992 3.00001
2.99992 3.00001
2.99992 3.00001
2.99992 3.00001
2.99992 3.00001
2.99992 3.00001
2.99992 3.00001
2.99992 3.00001
2.99993 3.00001
2.99993 3.00001
2.99993 3.00001
2.99993 3.00001
2.99993 3.00001
2.99993 3.00001
2.99993 3.00001
2.99993 3.00001
2.99993 3.00001
2.99993 3.00001
2.99993 3.00001
2.99993 3.00001
2.99993 3.00001
2.99993 3.00001
2.99993 3.00001
2.99993 3.00001
2.99993 3.00001
2.99993 3.00001
2.99993 3.00001
2.99993 3.00001
2.99993 3.00001
2.99993 3.00001
2.99993 3.00001
2.99993 3.00001
2.99993 3.00001
2.99993 3.00001
2.99993 3.00001
2.99993 3.00001
2.99993 3.00001
2.99993 3.00001
2.99993 3.00001
2.99993 3.00001
2.99993 3.00001
2.99993 3.00001
2.99993 3.00001
2.99993 3.00001
2.99993 3.00001
2.99993 3.00001
2.99993 3.00001
2.99993 3.00001
2.99993 3.00001
2.99993 3.00001
2.99993 3.00001
2.99993 3.00001
2.99993 3.00001
2.99993 3.00001
2.99993 3.00001
2.99993 3.00001
2.99993 3.00001
2.99993 3.00001
2.99994 3.00001
2.99994 3.00001
2.99994 3.00001
2.99994 3.00001
2.99994 3.00001
2.99994 3.00001
2.99994 3.00001
2.99994 3.00001
2.99994 3.00001
2.99994 3.00001
2.99994 3.00001
2.99994 3.00001
2.99994 3.00001
2.99994 3.00001
2.99994 3.00001
2.99994 3.00001
2.99994 3.00001
2.99994 3.00001
2.99994 3.00001
2.99994 3.00001
2.99994 3.00001
2.99994 3.00001
2.99994 3.00001
2.99994 3.00001
2.99994 3.00001
2.99994 3.00001
2.99994 3.00001
2.99994 3.00001
2.99994 3.00001
2.99994 3.00001
2.99994 3.00001
2.99994 3.00001
2.99994 3.00001
2.99994 3.00001
2.99994 3.00001
2.99994 3.00001
2.99994 3.00001
2.99994 3.00001
2.99994 3.00001
2.99994 3.00001
2.99994 3.00001
2.99994 3.00001
2.99994 3.00001
2.99994 3.00001
2.99994 3.00001
2.99994 3.00001
2.99994 3.00001
2.99994 3.00001
2.99994 3.00001
2.99994 3.00001
2.99994 3.00001
2.99994 3.00001
2.99994 3.00001
2.99994 3.00001
2.99994 3.00001
2.99994 3.00001
2.99994 3.00001
2.99994 3.00001
2.99994 3.00001
2.99995 3.00001
2.99995 3.00001
2.99995 3.00001
2.99995 3.00001
2.99995 3.00001
2.99995 3.00001
2.99995 3.00001
2.99995 3.00001
2.99995 3.00001
2.99995 3.00001
2.99995 3.00001
2.99995 3.00001
2.99995 3.00001
2.99995 3.00001
2.99995 3.00001
2.99995 3.00001
2.99995 3.00001
2.99995 3.00001
2.99995 3.00001
2.99995 3.00001
2.99995 3.00001
2.99995 3.00001
2.99995 3.00001
2.99995 3.00001
2.99995 3.00001
2.99995 3.00001
2.99995 3.00001
2.99995 3.00001
2.99995 3.00001
2.99995 3.00001
2.99995 3.00001
2.99995 3.00001
2.99995 3.00001
2.99995 3.00001
2.99995 3.00001
2.99995 3.00001
2.99995 3.00001
2.99995 3.00001
2.99995 3.00001
2.99995 3.00001
2.99995 3.00001
2.99995 3.00001
2.99995 3.00001
2.99995 3.00001
2.99995 3.00001
2.99995 3.00001
2.99995 3.00001
2.99995 3.00001
2.99995 3.00001
2.99995 3.00001
2.99995 3.00001
2.99995 3.00001
2.99995 3.00001
2.99995 3.00001
2.99995 3.00001
2.99995 3.00001
2.99995 3.00001
2.99995 3.00001
2.99995 3.00001
2.99995 3.00001
2.99995 3.00001
2.99995 3.00001
2.99995 3.00001
2.99995 3.00001
2.99995 3.00001
2.99995 3.00001
2.99995 3.00001
2.99995 3.00001
2.99995 3.00001
2.99995 3.00001
2.99995 3.00001
2.99996 3.00001
2.99996 3.00001
2.99996 3.00001
2.99996 3.00001
2.99996 3.00001
2.99996 3.00001
2.99996 3.00001
2.99996 3.00001
2.99996 3.00001
2.99996 3.00001
2.99996 3.00001
2.99996 3.00001
2.99996 3.00001
2.99996 3.00001
2.99996 3.00001
2.99996 3.00001
2.99996 3.00001
2.99996 3.00001
2.99996 3.00001
2.99996 3.00001
2.99996 3.00001
2.99996 3.00001
2.99996 3.00001
2.99996 3.00001
2.99996 3.00001
2.99996 3.00001
2.99996 3.00001
2.99996 3.00001
2.99996 3.00001
2.99996 3.00001
2.99996 3.00001
2.99996 3.00001
2.99996 3.00001
2.99996 3.00001
2.99996 3.00001
2.99996 3.00001
2.99996 3.00001
2.99996 3.00001
2.99996 3.00001
2.99996 3.00001
2.99996 3.00001
2.99996 3.00001
2.99996 3.00001
2.99996 3.00001
2.99996 3.00001
2.99996 3.00001
2.99996 3.00001
2.99996 3.00001
2.99996 3.00001
2.99996 3.00001
2.99996 3.00001
2.99996 3.00001
2.99996 3.00001
2.99996 3.00001
2.99996 3.00001
2.99996 3.00001
2.99996 3.00001
2.99996 3.00001
2.99996 3.00001
2.99996 3.00001
2.99996 3.00001
2.99996 3.00001
2.99996 3.00001
2.99996 3.00001
2.99996 3.00001
2.99996 3.00001
2.99996 3.00001
2.99996 3.00001
2.99996 3.00001
2.99996 3.00001
2.99996 3.00001
2.99996 3.00001
2.99996 3.00001
2.99996 3.00001
2.99996 3.00001
2.99996 3.00001
2.99996 3.00001
2.99996 3.00001
2.99996 3.00001
2.99996 3.00001
2.99996 3.00001
2.99996 3.00001
2.99996 3.00001
2.99996 3.00001
2.99996 3.00001
2.99996 3.00001
2.99996 3.00001
2.99996 3.00001
2.99996 3.00001
2.99997 3.00001
2.99997 3.00001
2.99997 3.00001
2.99997 3.00001
2.99997 3.00001
2.99997 3.00001
2.99997 3.00001
2.99997 3.00001
2.99997 3.00001
2.99997 3.00001
2.99997 3.00001
2.99997 3.00001
2.99997 3.00001
2.99997 3.00001
2.99997 3.00001
2.99997 3.00001
2.99997 3.00001
2.99997 3.00001
2.99997 3.00001
2.99997 3.00001
2.99997 3.00001
2.99997 3.00001
2.99997 3.00001
2.99997 3.00001
2.99997 3.00001
2.99997 3.00001
2.99997 3.00001
2.99997 3.00001
2.99997 3.00001
2.99997 3.00001
2.99997 3.00001
2.99997 3.00001
2.99997 3.00001
2.99997 3.00001
2.99997 3.00001
2.99997 3.00001
2.99997 3.00001
2.99997 3.00001
2.99997 3
2.99997 3
2.99997 3
2.99997 3
2.99997 3
2.99997 3
2.99997 3
2.99997 3
2.99997 3
2.99997 3
2.99997 3
2.99997 3
2.99997 3
2.99997 3
2.99997 3
2.99997 3
2.99997 3
2.99997 3
2.99997 3
2.99997 3
2.99997 3
2.99997 3
2.99997 3
2.99997 3
2.99997 3
2.99997 3
2.99997 3
2.99997 3
2.99997 3
2.99997 3
2.99997 3
2.99997 3
2.99997 3
2.99997 3
2.99997 3
2.99997 3
2.99997 3
2.99997 3
2.99997 3
2.99997 3
2.99997 3
2.99997 3
2.99997 3
2.99997 3
2.99997 3
2.99997 3
2.99997 3
2.99997 3
2.99997 3
2.99997 3
2.99997 3
2.99997 3
2.99997 3
2.99997 3
2.99997 3
2.99997 3
2.99997 3
2.99997 3
2.99997 3
2.99997 3
2.99997 3
2.99997 3
2.99997 3
2.99997 3
2.99997 3
2.99997 3
2.99997 3
2.99997 3
2.99997 3
2.99997 3
2.99997 3
2.99997 3
2.99997 3
2.99997 3
2.99997 3
2.99997 3
2.99997 3
2.99997 3
2.99997 3
2.99997 3
2.99997 3
2.99998 3
2.99998 3
2.99998 3
2.99998 3
2.99998 3
2.99998 3
2.99998 3
2.99998 3
2.99998 3
2.99998 3
2.99998 3
2.99998 3
2.99998 3
2.99998 3
2.99998 3
2.99998 3
2.99998 3
2.99998 3
2.99998 3
2.99998 3
2.99998 3
2.99998 3
2.99998 3
2.99998 3
2.99998 3
2.99998 3
2.99998 3
2.99998 3
2.99998 3
2.99998 3
2.99998 3
2.99998 3
2.99998 3
2.99998 3
2.99998 3
2.99998 3
2.99998 3
2.99998 3
2.99998 3
2.99998 3
2.99998 3
2.99998 3
2.99998 3
2.99998 3
2.99998 3
2.99998 3
2.99998 3
2.99998 3
2.99998 3
2.99998 3
2.99998 3
2.99998 3
2.99998 3
2.99998 3
2.99998 3
2.99998 3
2.99998 3
2.99998 3
2.99998 3
2.99998 3
2.99998 3
2.99998 3
2.99998 3
2.99998 3
2.99998 3
2.99998 3
2.99998 3
2.99998 3
2.99998 3
2.99998 3
2.99998 3
2.99998 3
2.99998 3
2.99998 3
2.99998 3
2.99998 3
2.99998 3
2.99998 3
2.99998 3
2.99998 3
2.99998 3
2.99998 3
2.99998 3
2.99998 3
2.99998 3
2.99998 3
2.99998 3
2.99998 3
2.99998 3
2.99998 3
2.99998 3
2.99998 3
2.99998 3
2.99998 3
2.99998 3
2.99998 3
2.99998 3
2.99998 3
2.99998 3
2.99998 3
2.99998 3
2.99998 3
2.99998 3
2.99998 3
2.99998 3
2.99998 3
2.99998 3
2.99998 3
2.99998 3
2.99998 3
2.99998 3
2.99998 3
2.99998 3
2.99998 3
2.99998 3
2.99998 3
2.99998 3
2.99998 3
2.99998 3
2.99998 3
2.99998 3
2.99998 3
2.99998 3
2.99998 3
2.99998 3
2.99998 3
2.99998 3
2.99998 3
2.99998 3
2.99998 3
2.99998 3
2.99998 3
2.99998 3
2.99998 3
2.99998 3
2.99998 3
2.99998 3
2.99998 3
2.99998 3
2.99998 3
2.99998 3
2.99998 3
2.99998 3
2.99998 3
2.99998 3
2.99998 3
2.99998 3
2.99998 3
2.99998 3
2.99998 3
2.99998 3
2.99998 3
2.99998 3
2.99998 3
2.99998 3
2.99998 3
2.99998 3
2.99998 3
2.99998 3
2.99998 3
2.99998 3
2.99998 3
2.99998 3
2.99998 3
2.99998 3
2.99998 3
2.99998 3
2.99998 3
2.99998 3
2.99998 3
2.99998 3
2.99998 3
2.99998 3
2.99998 3
2.99998 3
2.99998 3
2.99998 3
2.99998 3
2.99998 3
2.99998 3
2.99998 3
2.99999 3
2.99999 3
2.99999 3
2.99999 3
2.99999 3
2.99999 3
2.99999 3
2.99999 3
2.99999 3
2.99999 3
2.99999 3
2.99999 3
2.99999 3
2.99999 3
2.99999 3
2.99999 3
2.99999 3
2.99999 3
2.99999 3
2.99999 3
2.99999 3
2.99999 3
2.99999 3
2.99999 3
2.99999 3
2.99999 3
2.99999 3
2.99999 3
2.99999 3
2.99999 3
2.99999 3
2.99999 3
2.99999 3
2.99999 3
2.99999 3
2.99999 3
2.99999 3
2.99999 3
2.99999 3
2.99999 3
2.99999 3
2.99999 3
2.99999 3
2.99999 3
2.99999 3
2.99999 3
2.99999 3
2.99999 3
2.99999 3
2.99999 3
2.99999 3
2.99999 3
2.99999 3
2.99999 3
2.99999 3
2.99999 3
2.99999 3
2.99999 3
2.99999 3
2.99999 3
2.99999 3
2.99999 3
2.99999 3
2.99999 3
2.99999 3
2.99999 3
2.99999 3
2.99999 3
2.99999 3
2.99999 3
2.99999 3
2.99999 3
2.99999 3
2.99999 3
2.99999 3
2.99999 3
2.99999 3
2.99999 3
2.99999 3
2.99999 3
2.99999 3
2.99999 3
2.99999 3
2.99999 3
2.99999 3
2.99999 3
2.99999 3
2.99999 3
2.99999 3
2.99999 3
2.99999 3
2.99999 3
2.99999 3
2.99999 3
2.99999 3
2.99999 3
2.99999 3
2.99999 3
2.99999 3
2.99999 3
2.99999 3
2.99999 3
2.99999 3
2.99999 3
2.99999 3
2.99999 3
2.99999 3
2.99999 3
2.99999 3
2.99999 3
2.99999 3
2.99999 3
2.99999 3
2.99999 3
2.99999 3
2.99999 3
2.99999 3
2.99999 3
2.99999 3
2.99999 3
2.99999 3
2.99999 3
2.99999 3
2.99999 3
2.99999 3
2.99999 3
2.99999 3
2.99999 3
2.99999 3
2.99999 3
2.99999 3
2.99999 3
2.99999 3
2.99999 3
2.99999 3
2.99999 3
2.99999 3
2.99999 3
2.99999 3
2.99999 3
2.99999 3
2.99999 3
2.99999 3
2.99999 3
2.99999 3
2.99999 3
2.99999 3
2.99999 3
2.99999 3
2.99999 3
2.99999 3
2.99999 3
2.99999 3
2.99999 3
2.99999 3
2.99999 3
2.99999 3
2.99999 3
2.99999 3
2.99999 3
2.99999 3
2.99999 3
2.99999 3
2.99999 3
2.99999 3
2.99999 3
2.99999 3
2.99999 3
2.99999 3
2.99999 3
2.99999 3
2.99999 3
2.99999 3
2.99999 3
2.99999 3
2.99999 3
2.99999 3
2.99999 3
2.99999 3
2.99999 3
2.99999 3
2.99999 3
2.99999 3
2.99999 3
2.99999 3
2.99999 3
2.99999 3
2.99999 3
2.99999 3
2.99999 3
2.99999 3
2.99999 3
2.99999 3
2.99999 3
2.99999 3
2.99999 3
2.99999 3
2.99999 3
2.99999 3
2.99999 3
2.99999 3
2.99999 3
2.99999 3
2.99999 3
2.99999 3
2.99999 3
2.99999 3
2.99999 3
2.99999 3
2.99999 3
2.99999 3
2.99999 3
2.99999 3
2.99999 3
2.99999 3
2.99999 3
2.99999 3
2.99999 3
2.99999 3
2.99999 3
2.99999 3
2.99999 3
2.99999 3
2.99999 3
2.99999 3
2.99999 3
2.99999 3
2.99999 3
2.99999 3
2.99999 3
2.99999 3
2.99999 3
2.99999 3
2.99999 3
2.99999 3
2.99999 3
2.99999 3
2.99999 3
2.99999 3
2.99999 3
2.99999 3
2.99999 3
2.99999 3
2.99999 3
2.99999 3
2.99999 3
2.99999 3
2.99999 3
2.99999 3
2.99999 3
2.99999 3
2.99999 3
2.99999 3
2.99999 3
2.99999 3
2.99999 3
2.99999 3
2.99999 3
2.99999 3
2.99999 3
2.99999 3
2.99999 3
2.99999 3
2.99999 3
2.99999 3
2.99999 3
2.99999 3
2.99999 3
2.99999 3
2.99999 3
2.99999 3
2.99999 3
2.99999 3
2.99999 3
2.99999 3
2.99999 3
2.99999 3
2.99999 3
2.99999 3
2.99999 3
2.99999 3
2.99999 3
2.99999 3
2.99999 3
2.99999 3
2.99999 3
2.99999 3
2.99999 3
2.99999 3
2.99999 3
2.99999 3
2.99999 3
2.99999 3
2.99999 3
2.99999 3
2.99999 3
2.99999 3
2.99999 3
2.99999 3
2.99999 3
2.99999 3
2.99999 3
2.99999 3
2.99999 3
2.99999 3
2.99999 3
2.99999 3
2.99999 3
2.99999 3
2.99999 3
2.99999 3
2.99999 3
2.99999 3
2.99999 3
2.99999 3
2.99999 3
2.99999 3
2.99999 3
2.99999 3
2.99999 3
2.99999 3
2.99999 3
2.99999 3
2.99999 3
2.99999 3
2.99999 3
2.99999 3
2.99999 3
2.99999 3
2.99999 3
2.99999 3
2.99999 3
2.99999 3
2.99999 3
2.99999 3
2.99999 3
2.99999 3
2.99999 3
2.99999 3
2.99999 3
2.99999 3
2.99999 3
2.99999 3
2.99999 3
2.99999 3
2.99999 3
2.99999 3
2.99999 3
2.99999 3
2.99999 3
2.99999 3
2.99999 3
2.99999 3
2.99999 3
2.99999 3
2.99999 3
2.99999 3
2.99999 3
2.99999 3
2.99999 3
2.99999 3
2.99999 3
2.99999 3
2.99999 3
2.99999 3
2.99999 3
2.99999 3
2.99999 3
2.99999 3
2.99999 3
2.99999 3
2.99999 3
2.99999 3
2.99999 3
2.99999 3
2.99999 3
2.99999 3
2.99999 3
2.99999 3
2.99999 3
2.99999 3
2.99999 3
2.99999 3
2.99999 3
2.99999 3
2.99999 3
2.99999 3
2.99999 3
3 3
3 3
3 3
3 3
3 3
3 3
3 3
3 3
3 3
3 3
3 3
3 3
3 3
3 3
3 3
3 3
3 3
3 3
3 3
3 3
3 3
3 3
3 3
3 3
3 3
3 3
3 3
3 3
3 3
3 3
3 3
3 3
3 3
3 3
3 3
3 3
3 3
3 3
3 3
3 3
3 3
3 3
3 3
3 3
3 3
3 3
3 3
3 3
3 3
3 3
3 3
3 3
3 3
3 3
3 3
3 3
3 3
3 3
3 3
3 3
3 3
3 3
3 3
3 3
3 3
3 3
3 3
3 3
3 3
3 3
3 3
3 3
3 3
3 3
3 3
3 3
3 3
3 3
3 3
3 3
3 3
3 3
3 3
3 3
3 3
3 3
3 3
3 3
3 3
3 3
3 3
3 3
3 3
3 3
3 3
3 3
3 3
3 3
3 3
3 3
3 3
3 3
3 3
3 3
3 3
3 3
3 3
3 3
3 3
3 3
3 3
3 3
3 3
3 3
3 3
3 3
3 3
3 3
3 3
3 3
3 3
3 3
3 3
3 3
3 3
3 3
3 3
3 3
3 3
3 3
3 3
3 3
3 3
3 3
3 3
3 3
3 3
3 3
3 3
3 3
3 3
3 3
3 3
3 3
3 3
3 3
3 3
3 3
3 3
3 3
3 3
3 3
3 3
3 3
3 3
3 3
3 3
3 3
3 3
3 3
3 3
3 3
3 3
3 3
3 3
3 3
3 3
3 3
3 3
3 3
3 3
3 3
3 3
3 3
3 3
3 3
3 3
3 3
3 3
3 3
3 3
3 3
3 3
3 3
3 3
3 3
3 3
3 3
3 3
3 3
3 3
3 3
3 3
3 3
3 3
3 3
3 3
3 3
3 3
3 3
3 3
3 3
3 3
3 3
3 3
3 3
3 3
3 3
3 3
3 3
3 3
3 3
3 3
3 3
3 3
3 3
3 3
3 3
3 3
3 3
3 3
3 3
3 3
3 3
3 3
3 3
3 3
3 3
3 3
3 3
3 3
3 3
3 3
3 3
3 3
3 3
3 3
3 3
3 3
3 3
3 3
3 3
3 3
3 3
3 3
3 3
3 3
3 3
3 3
3 3
3 3
3 3
3 3
3 3
3 3
3 3
3 3
3 3
3 3
3 3
3 3
3 3
3 3
3 3
3 3
3 3
3 3
3 3
3 3
3 3
3 3
3 3
3 3
3 3
3 3
3 3
3 3
3 3
3 3
3 3
3 3
3 3
3 3
3 3
3 3
3 3
3 3
3 3
3 3
3 3
3 3
3 3
3 3
3 3
3 3
3 3
3 3
3 3
3 3
3 3
3 3
3 3
3 3
3 3
3 3
3 3
3 3
3 3
3 3
3 3
3 3
3 3
3 3
3 3
3 3
3 3
3 3
3 3
3 3
3 3
3 3
3 3
3 3
3 3
3 3
3 3
3 3
3 3
3 3
3 3
3 3
3 3
3 3
3 3
3 3
3 3
3 3
3 3
3 3
3 3
3 3
3 3
3 3
3 3
3 3
3 3
3 3
3 3
3 3
3 3
3 3
3 3
3 3
3 3
3 3
3 3
3 3
3 3
3 3
3 3
3 3
3 3
3 3
3 3
3 3
3 3
3 3
3 3
3 3
3 3
3 3
3 3
3 3
3 3
3 3
3 3
3 3
3 3
3 3
3 3
3 3
3 3
3 3
3 3
3 3
3 3
3 3
3 3
3 3
3 3
3 3
3 3
3 3
3 3
3 3
3 3
3 3
3 3
3 3
3 3
3 3
3 3
3 3
3 3
3 3
3 3
3 3
3 3
3 3
3 3
3 3
3 3
3 3
3 3
3 3
3 3
3 3
3 3
3 3
3 3
3 3
3 3
3 3
3 3
3 3
3 3
3 3
3 3
3 3
3 3
3 3
3 3
3 3
3 3
3 3
3 3
3 3
3 3
3 3
3 3
3 3
3 3
3 3
3 3
3 3
3 3
3 3
3 3
3 3
3 3
3 3
3 3
3 3
3 3
3 3
3 3
3 3
3 3
3 3
3 3
3 3
3 3
3 3
3 3
3 3
3 3
3 3
3 3
3 3
3 3
3 3
3 3
3 3
3 3
3 3
3 3
3 3
3 3
3 3
3 3
3 3
3 3
3 3
3 3
3 3
3 3
3 3
3 3
3 3
3 3
3 3
3 3
3 3
3 3
3 3
3 3
3 3
3 3
3 3
3 3
3 3
3 3
3 3
3 3
3 3
3 3
3 3
3 3
3 3
3 3
3 3
3 3
3 3
3 3
3 3
3 3
3 3
3 3
3 3
3 3
3 3
3 3
3 3
3 3
3 3
3 3
3 3
3 3
3 3
3 3
3 3
3 3
3 3
3 3
3 3
3 3
3 3
3 3
3 3
3 3
3 3
3 3
3 3
3 3
3 3
3 3
3 3
3 3
3 3
3 3
3 3
3 3
3 3
3 3
3 3
3 3
3 3
3 3
3 3
3 3
3 3
3 3
3 3
3 3
3 3
3 3
3 3
3 3
3 3
3 3
3 3
3 3
3 3
3 3
3 3
3 3
3 3
3 3
3 3
3 3
3 3
3 3
3 3
3 3
3 3
3 3
3 3
3 3
3 3
3 3
3 3
3 3
3 3
3 3
3 3
3 3
3 3
3 3
3 3
3 3
3 3
3 3
3 3
3 3
3 3
3 3
3 3
3 3
3 3
3 3
3 3
3 3
3 3
3 3
3 3
3 3
3 3
3 3
3 3
3 3
3 3
3 3
3 3
3 3
3 3
3 3
3 3
3 3
3 3
3 3
3 3
3 3
3 3
3 3
3 3
3 3
3 3
3 3
3 3
3 3
3 3
3 3
3 3
3 3
3 3
3 3
3 3
3 3
3 3
3 3
3 3
3 3
3 3
3 3
3 3
3 3
3 3
3 3
3 3
3 3
3 3
3 3
3 3
3 3
3 3
3 3
3 3
3 3
3 3
3 3
3 3
3 3
3 3
3 3
3 3
3 3
3 3
3 3
3 3
3 3
3 3
3 3
3 3
3 3
3 3
3 3
3 3
3 3
3 3
3 3
3 3
3 3
3 3
3 3
3 3
3 3
3 3
3 3
3 3
3 3
3 3
3 3
3 3
3 3
3 3
3 3
3 3
3 3
3 3
3 3
3 3
3 3
3 3
3 3
3 3
3 3
3 3
3 3
3 3
3 3
3 3
3 3
3 3
3 3
3 3
3 3
3 3
3 3
3 3
3 3
3 3
3 3
3 3
3 3
3 3
3 3
3 3
3 3
3 3
3 3
3 3
3 3
3 3
3 3
3 3
3 3
3 3
3 3
3 3
3 3
3 3
3 3
3 3
3 3
3 3
3 3
3 3
3 3
3 3
3 3
3 3
3 3
3 3
3 3
3 3
3 3
3 3
3 3
3 3
3 3
3 3
3 3
3 3
3 3
3 3
3 3
3 3
3 3
3 3
3 3
3 3
3 3
3 3
3 3
3 3
3 3
3 3
3 3
3 3
3 3
3 3
3 3
3 3
3 3
3 3
3 3
3 3
3 3
3 3
3 3
3 3
3 3
3 3
3 3
3 3
3 3
3 3
3 3
3 3
3 3
3 3
3 3
3 3
3 3
3 3
3 3
3 3
3 3
3 3
3 3
3 3
3 3
3 3
3 3
3 3
3 3
3 3
3 3
3 3
3 3
3 3
3 3
3 3
3 3
3 3
3 3
3 3
3 3
3 3
3 3
3 3
3 3
3 3
3 3
3 3
3 3
3 3
3 3
3 3
3 3
3 3
3 3
3 3
3 3
3 3
3 3
3 3
3 3
3 3
3 3
3 3
3 3
3 3
3 3
3 3
3 3
3 3
3 3
3 3
3 3
3 3
3 3
3 3
3 3
3 3
3 3
3 3
3 3
3 3
3 3
3 3
3 3
3 3
3 3
3 3
3 3
3 3
3 3
3 3
3 3
3 3
3 3
3 3
3 3
3 3
3 3
3 3
3 3
3 3
3 3
3 3
3 3
3 3
3 3
3 3
3 3
3 3
3 3
3 3
3 3
3 3
3 3
3 3
3 3
3 3
3 3
3 3
3 3
3 3
3 3
3 3
3 3
3 3
3 3
3 3
3 3
3 3
3 3
3 3
3 3
3 3
3 3
3 3
3 3
3 3
3 3
3 3
3 3
3 3
3 3
3 3
3 3
3 3
3 3
3 3
3 3
3 3
3 3
3 3
3 3
3 3
3 3
3 3
3 3
3 3
3 3
3 3
3 3
3 3
3 3
3 3
3 3
3 3
3 3
3 3
3 3
3 3
3 3
3 3
3 3
3 3
3 3
3 3
3 3
3 3
3 3
3 3
3 3
3 3
3 3
3 3
3 3
3 3
3 3
3 3
3 3
3 3
3 3
3 3
3 3
3 3
3 3
3 3
3 3
3 3
3 3
3 3
3 3
3 3
3 3
3 3
3 3
3 3
3 3
3 3
3 3
3 3
3 3
3 3
3 3
3 3
3 3
3 3
3 3
3 3
3 3
3 3
3 3
3 3
3 3
3 3
3 3
3 3
3 3
3 3
3 3
3 3
3 3
3 3
3 3
3 3
3 3
3 3
3 3
3 3
3 3
3 3
3 3
3 3
3 3
3 3
3 3
3 3
3 3
3 3
3 3
3 3
3 3
3 3
3 3
3 3
3 3
3 3
3 3
3 3
3 3
3 3
3 3
3 3
3 3
3 3
3 3
3 3
3 3
3 3
3 3
3 3
3 3
3 3
3 3
3 3
3 3
3 3
3 3
3 3
3 3
3 3
3 3
3 3
3 3
3 3
3 3
3 3
3 3
3 3
3 3
3 3
3 3
3 3
3 3
3 3
3 3
3 3
3 3
3 3
3 3
3 3
3 3
3 3
3 3
3 3
3 3
3 3
3 3
3 3
3 3
3 3
3 3
3 3
3 3
3 3
3 3
3 3
3 3
3 3
3 3
3 3
3 3
3 3
3 3
3 3
3 3
3 3
3 3
3 3
3 3
3 3
3 3
3 3
3 3
3 3
3 3
3 3
3 3
3 3
3 3
3 3
3 3
3 3
3 3
3 3
3 3
3 3
3 3
3 3
3 3
3 3
3 3
3 3
3 3
3 3
3 3
3 3
3 3
3 3
3 3
3 3
3 3
3 3
3 3
3 3
3 3
3 3
3 3
3 3
3 3
3 3
3 3
3 3
3 3
3 3
3 3
3 3
3 3
3 3
3 3
3 3
3 3
3 3
3 3
3 3
3 3
3 3
3 3
3 3
3 3
3 3
3 3
3 3
3 3
3 3
3 3
3 3
3 3
3 3
3 3
3 3
3 3
3 3
3 3
3 3
3 3
3 3
3 3
3 3
3 3
3 3
3 3
3 3
3 3
3 3
3 3
3 3
3 3
3 3
3 3
3 3
3 3
3 3
3 3
3 3
3 3
3 3
3 3
3 3
3 3
3 3
3 3
3 3
3 3
3 3
3 3
3 3
3 3
3 3
3 3
3 3
3 3
3 3
3 3
3 3
3 3
3 3
3 3
3 3
3 3
3 3
3 3
3 3
3 3
3 3
3 3
3 3
3 3
3 3
3 3
3 3
3 3
3 3
3 3
3 3
3 3
3 3
3 3
3 3
3 3
3 3
3 3
3 3
3 3
3 3
3 3
3 3
3 3
3 3
3 3
3 3
3 3
3 3
3 3
3 3
3 3
3 3
3 3
3 3
3 3
3 3
3 3
3 3
3 3
3 3
3 3
3 3
3 3
3 3
3 3
3 3
3 3
3 3
3 3
3 3
3 3
3 3
3 3
3 3
3 3
3 3
3 3
3 3
3 3
3 3
3 3
3 3
3 3
3 3
3 3
3 3
3 3
3 3
3 3
3 3
3 3
3 3
3 3
3 3
3 3
3 3
3 3
3 3
3 3
3 3
3 3
3 3
3 3
3 3
3 3
3 3
3 3
3 3
3 3
3 3
3 3
3 3
3 3
3 3
3 3
3 3
3 3
3 3
3 3
3 3
3 3
3 3
3 3
3 3
3 3
3 3
3 3
3 3
3 3
3 3
3 3
3 3
3 3
3 3
3 3
3 3
3 3
3 3
3 3
3 3
3 3
3 3
3 3
3 3
3 3
3 3
3 3
3 3
3 3
3 3
3 3
3 3
3 3
3 3
3 3
3 3
3 3
3 3
3 3
3 3
3 3
3 3
3 3
3 3
3 3
3 3
3 3
3 3
3 3
3 3
3 3
3 3
3 3
3 3
3 3
3 3
3 3
3 3
3 3
3 3
3 3
3 3
3 3
3 3
3 3
3 3
3 3
3 3
3 3
3 3
3 3
3 3
3 3
3 3
3 3
3 3
3 3
3 3
3 3
3 3
3 3
3 3
3 3
3 3
3 3
3 3
3 3
3 3
3 3
3 3
3 3
3 3
3 3
3 3
3 3
3 3
3 3
3 3
3 3
3 3
3 3
3 3
3 3
3 3
3 3
3 3
3 3
3 3
3 3
3 3
3 3
3 3
3 3
3 3
3 3
3 3
3 3
3 3
3 3
3 3
3 3
3 3
3 3
3 3
3 3
3 3
3 3
3 3
3 3
3 3
3 3
3 3
3 3
3 3
3 3
3 3
3 3
3 3
3 3
3 3
3 3
3 3
3 3
3 3
3 3
3 3
3 3
3 3
3 3
3 3
3 3
3 3
3 3
3 3
3 3
3 3
3 3
3 3
3 3
3 3
3 3
3 3
3 3
3 3
3 3
3 3
3 3
3 3
3 3
3 3
3 3
3 3
3 3
3 3
3 3
3 3
3 3
3 3
3 3
3 3
3 3
3 3
3 3
3 3
3 3
3 3
3 3
3 3
3 3
3 3
3 3
3 3
3 3
3 3
3 3
3 3
3 3
3 3
3 3
3 3
3 3
3 3
3 3
3 3
3 3
3 3
3 3
3 3
3 3
3 3
3 3
3 3
3 3
3 3
3 3
3 3
3 3
3 3
3 3
3 3
3 3
3 3
3 3
3 3
3 3
3 3
3 3
3 3
3 3
3 3
3 3
3 3
3 3
3 3
3 3
3 3
3 3
3 3
3 3
3 3
3 3
3 3
3 3
3 3
3 3
3 3
3 3
3 3
3 3
3 3
3 3
3 3
3 3
3 3
3 3
3 3
3 3
3 3
3 3
3 3
3 3
3 3
3 3
3 3
3 3
3 3
3 3
3 3
3 3
3 3
3 3
3 3
3 3
3 3
3 3
3 3
3 3
3 3
3 3
3 3
3 3
3 3
3 3
3 3
3 3
3 3
3 3
3 3
3 3
3 3
3 3
3 3
3 3
3 3
3 3
3 3
3 3
3 3
3 3
3 3
3 3
3 3
3 3
3 3
3 3
3 3
3 3
3 3
3 3
3 3
3 3
3 3
3 3
3 3
3 3
3 3
3 3
3 3
3 3
3 3
3 3
3 3
3 3
3 3
3 3
3 3
3 3
3 3
3 3
3 3
3 3
3 3
3 3
3 3
3 3
3 3
3 3
3 3
3 3
3 3
3 3
3 3
3 3
3 3
3 3
3 3
3 3
3 3
3 3
3 3
3 3
3 3
3 3
3 3
3 3
3 3
3 3
3 3
3 3
3 3
3 3
3 3
3 3
3 3
3 3
3 3
3 3
3 3
3 3
3 3
3 3
3 3
3 3
3 3
3 3
3 3
3 3
3 3
3 3
3 3
3 3
3 3
3 3
3 3
3 3
3 3
3 3
3 3
3 3
3 3
3 3
3 3
3 3
3 3
3 3
3 3
3 3
3 3
3 3
3 3
3 3
3 3
3 3
3 3
3 3
3 3
3 3
3 3
3 3
3 3
3 3
3 3
3 3
3 3
3 3
3 3
3 3
3 3
3 3
3 3
3 3
3 3
3 3
3 3
3 3
3 3
3 3
3 3
3 3
3 3
3 3
3 3
3 3
3 3
3 3
3 3
3 3
3 3
3 3
3 3
3 3
3 3
3 3
3 3
3 3
3 3
3 3
3 3
3 3
3 3
3 3
3 3
3 3
3 3
3 3
3 3
3 3
3 3
3 3
3 3
3 3
3 3
3 3
3 3
3 3
3 3
3 3
3 3
3 3
3 3
3 3
3 3
3 3
3 3
3 3
3 3
3 3
3 3
3 3
3 3
3 3
3 3
3 3
3 3
3 3
3 3
3 3
3 3
3 3
3 3
3 3
3 3
3 3
3 3
3 3
3 3
3 3
3 3
3 3
3 3
3 3
3 3
3 3
3 3
3 3
3 3
3 3
3 3
3 3
3 3
3 3
3 3
3 3
3 3
3 3
3 3
3 3
3 3
3 3
3 3
3 3
3 3
3 3
3 3
3 3
3 3
3 3
3 3
3 3
3 3
3 3
3 3
3 3
3 3
3 3
3 3
3 3
3 3
3 3
3 3
3 3
3 3
3 3
3 3
3 3
3 3
3 3
3 3
3 3
3 3
3 3
3 3
3 3
3 3
3 3
3 3
3 3
3 3
3 3
3 3
3 3
3 3
3 3
3 3
3 3
3 3
3 3
3 3
3 3
3 3
3 3
3 3
3 3
3 3
3 3
3 3
3 3
3 3
3 3
3 3
3 3
3 3
3 3
3 3
3 3
3 3
3 3
3 3
3 3
3 3
3 3
3 3
3 3
3 3
3 3
3 3
3 3
3 3
3 3
3 3
3 3
3 3
3 3
3 3
3 3
3 3
3 3
3 3
3 3
3 3
3 3
3 3
3 3
3 3
3 3
3 3
3 3
3 3
3 3
3 3
3 3
3 3
3 3
3 3
3 3
3 3
3 3
3 3
3 3
3 3
3 3
3 3
3 3
3 3
3 3
3 3
3 3
3 3
3 3
3 3
3 3
3 3
3 3
3 3
3 3
3 3
3 3
3 3
3 3
3 3
3 3
3 3
3 3
3 3
3 3
3 3
3 3
3 3
3 3
3 3
3 3
3 3
3 3
3 3
3 3
3 3
3 3
3 3
3 3
3 3
3 3
3 3
3 3
3 3
3 3
3 3
3 3
3 3
3 3
3 3
3 3
3 3
3 3
3 3
3 3
3 3
3 3
3 3
3 3
3 3
3 3
3 3
3 3
3 3
3 3
3 3
3 3
3 3
3 3
3 3
3 3
3 3
3 3
3 3
3 3
3 3
3 3
3 3
3 3
3 3
3 3
3 3
3 3
3 3
3 3
3 3
3 3
3 3
3 3
3 3
3 3
3 3
3 3
3 3
3 3
3 3
3 3
3 3
3 3
3 3
3 3
3 3
3 3
3 3
3 3
3 3
3 3
3 3
3 3
3 3
3 3
3 3
3 3
3 3
3 3
3 3
3 3
3 3
3 3
3 3
3 3
3 3
3 3
3 3
3 3
3 3
3 3
3 3
3 3
3 3
3 3
3 3
3 3
3 3
3 3
3 3
3 3
3 3
3 3
3 3
3 3
3 3
3 3
3 3
3 3
3 3
3 3
3 3
3 3
3 3
3 3
3 3
3 3
3 3
3 3
3 3
3 3
3 3
3 3
3 3
3 3
3 3
3 3
3 3
3 3
3 3
3 3
3 3
3 3
3 3
3 3
3 3
3 3
3 3
3 3
3 3
3 3
3 3
3 3
3 3
3 3
3 3
3 3
3 3
3 3
3 3
3 3
3 3
3 3
3 3
3 3
3 3
3 3
3 3
3 3
3 3
3 3
3 3
3 3
3 3
3 3
3 3
3 3
3 3
3 3
3 3
3 3
3 3
3 3
3 3
3 3
3 3
3 3
3 3
3 3
3 3
3 3
3 3
3 3
3 3
3 3
3 3
3 3
3 3
3 3
3 3
3 3
3 3
3 3
3 3
3 3
3 3
3 3
3 3
3 3
3 3
3 3
3 3
3 3
3 3
3 3
3 3
3 3
3 3
3 3
3 3
3 3
3 3
3 3
3 3
3 3
3 3
3 3
3 3
3 3
3 3
3 3
3 3
3 3
3 3
3 3
3 3
3 3
3 3
3 3
3 3
3 3
3 3
3 3
3 3
3 3
3 3
3 3
3 3
3 3
3 3
3 3
3 3
3 3
3 3
3 3
3 3
3 3
3 3
3 3
3 3
3 3
3 3
3 3
3 3
3 3
3 3
3 3
3 3
3 3
3 3
3 3
3 3
3 3
3 3
3 3
3 3
3 3
3 3
3 3
3 3
3 3
3 3
3 3
3 3
3 3
3 3
3 3
3 3
3 3
3 3
3 3
3 3
3 3
3 3
3 3
3 3
3 3
3 3
3 3
3 3
3 3
3 3
3 3
3 3
3 3
3 3
3 3
3 3
3 3
3 3
3 3
3 3
3 3
3 3
3 3
3 3
3 3
3 3
3 3
3 3
3 3
3 3
3 3
3 3
3 3
3 3
3 3
3 3
3 3
3 3
3 3
3 3
3 3
3 3
3 3
3 3
3 3
3 3
3 3
3 3
3 3
3 3
3 3
3 3
3 3
3 3
3 3
3 3
3 3
3 3
3 3
3 3
3 3
3 3
3 3
3 3
3 3
3 3
3 3
3 3
3 3
3 3
3 3
3 3
3 3
3 3
3 3
3 3
3 3
3 3
3 3
3 3
3 3
3 3
3 3
3 3
3 3
3 3
3 3
3 3
3 3
3 3
3 3
3 3
3 3
3 3
3 3
3 3
3 3
3 3
3 3
3 3
3 3
3 3
3 3
3 3
3 3
3 3
3 3
3 3
3 3
3 3
3 3
3 3
3 3
3 3
3 3
3 3
3 3
3 3
3 3
3 3
3 3
3 3
3 3
3 3
3 3
3 3
3 3
3 3
3 3
3 3
3 3
3 3
3 3
3 3
3 3
3 3
3 3
3 3
3 3
3 3
3 3
3 3
3 3
3 3
3 3
3 3
3 3
3 3
3 3
3 3
3 3
3 3
3 3
3 3
3 3
3 3
3 3
3 3
3 3
3 3
3 3
3 3
3 3
3 3
3 3
3 3
3 3
3 3
3 3
3 3
3 3
3 3
3 3
3 3
3 3
3 3
3 3
3 3
3 3
3 3
3 3
3 3
3 3
3 3
3 3
3 3
3 3
3 3
3 3
3 3
3 3
3 3
3 3
3 3
3 3
3 3
3 3
3 3
3 3
3 3
3 3
3 3
3 3
3 3
3 3
3 3
3 3
3 3
3 3
3 3
3 3
3 3
3 3
3 3
3 3
3 3
3 3
3 3
3 3
3 3
3 3
3 3
3 3
3 3
3 3
3 3
3 3
3 3
3 3
3 3
3 3
3 3
3 3
3 3
3 3
3 3
3 3
3 3
3 3
3 3
3 3
3 3
3 3
3 3
3 3
3 3
3 3
3 3
3 3
3 3
3 3
3 3
3 3
3 3
3 3
3 3
3 3
3 3
3 3
3 3
3 3
3 3
3 3
3 3
3 3
3 3
3 3
3 3
3 3
3 3
3 3
3 3
3 3
3 3
3 3
3 3
3 3
3 3
3 3
3 3
3 3
3 3
3 3
3 3
3 3
3 3
3 3
3 3
3 3
3 3
3 3
3 3
3 3
3 3
3 3
3 3
3 3
3 3
3 3
3 3
3 3
3 3
3 3
3 3
3 3
3 3
3 3
3 3
3 3
3 3
3 3
3 3
3 3
3 3
3 3
3 3
3 3
3 3
3 3
3 3
3 3
3 3
3 3
3 3
3 3
3 3
3 3
3 3
3 3
3 3
3 3
3 3
3 3
3 3
3 3
3 3
3 3
3 3
3 3
3 3
3 3
3 3
3 3
3 3
3 3
3 3
3 3
3 3
3 3
3 3
3 3
3 3
3 3
3 3
3 3
3 3
3 3
3 3
3 3
3 3
3 3
3 3
3 3
3 3
3 3
3 3
3 3
3 3
3 3
3 3
3 3
3 3
3 3
3 3
3 3
3 3
3 3
3 3
3 3
3 3
3 3
3 3
3 3
3 3
3 3
3 3
3 3
3 3
3 3
3 3
3 3
3 3
3 3
3 3
3 3
3 3
3 3
3 3
3 3
3 3
3 3
3 3
3 3
3 3
3 3
3 3
3 3
3 3
3 3
3 3
3 3
3 3
3 3
3 3
3 3
3 3
3 3
3 3
3 3
3 3
3 3
3 3
3 3
3 3
3 3
3 3
3 3
3 3
3 3
3 3
3 3
3 3
3 3
3 3
3 3
3 3
3 3
3 3
3 3
3 3
3 3
3 3
3 3
3 3
3 3
3 3
3 3
3 3
3 3
3 3
3 3
3 3
3 3
3 3
3 3
3 3
3 3
3 3
3 3
3 3
3 3
3 3
3 3
3 3
3 3
3 3
3 3
3 3
3 3
3 3
3 3
3 3
3 3
3 3
3 3
3 3
3 3
3 3
3 3
3 3
3 3
3 3
3 3
3 3
3 3
3 3
3 3
3 3
3 3
3 3
3 3
3 3
3 3
3 3
3 3
3 3
3 3
3 3
3 3
3 3
3 3
3 3
3 3
3 3
3 3
3 3
3 3
3 3
3 3
3 3
3 3
3 3
3 3
3 3
3 3
3 3
3 3
3 3
3 3
3 3
3 3
3 3
3 3
3 3
3 3
3 3
3 3
3 3
3 3
3 3
3 3
3 3
3 3
3 3
3 3
3 3
3 3
3 3
3 3
3 3
3 3
3 3
3 3
3 3
3 3
3 3
3 3
3 3
3 3
3 3
3 3
3 3
3 3
3 3
3 3
3 3
3 3
3 3
3 3
3 3
3 3
3 3
3 3
3 3
3 3
3 3
3 3
3 3
3 3
3 3
3 3
3 3
3 3
3 3
3 3
3 3
3 3
3 3
3 3
3 3
3 3
3 3
3 3
3 3
3 3
3 3
3 3
3 3
3 3
3 3
3 3
3 3
3 3
3 3
3 3
3 3
3 3
3 3
3 3
3 3
3 3
3 3
3 3
3 3
3 3
3 3
3 3
3 3
3 3
3 3
3 3
3 3
3 3
3 3
3 3
3 3
3 3
3 3
3 3
3 3
3 3
3 3
3 3
3 3
3 3
3 3
3 3
3 3
3 3
3 3
3 3
3 3
3 3
3 3
3 3
3 3
3 3
3 3
3 3
3 3
3 3
3 3
3 3
3 3
3 3
3 3
3 3
3 3
3 3
3 3
3 3
3 3
3 3
3 3
3 3
3 3
3 3
3 3
3 3
3 3
3 3
3 3
3 3
3 3
3 3
3 3
3 3
3 3
3 3
3 3
3 3
3 3
3 3
3 3
3 3
3 3
3 3
3 3
3 3
3 3
3 3
3 3
3 3
3 3
3 3
3 3
3 3
3 3
3 3
3 3
3 3
3 3
3 3
3 3
3 3
3 3
3 3
3 3
3 3
3 3
3 3
3 3
3 3
3 3
3 3
3 3
3 3
3 3
3 3
3 3
3 3
3 3
3 3
3 3
3 3
3 3
3 3
3 3
3 3
3 3
3 3
3 3
3 3
3 3
3 3
3 3
3 3
3 3
3 3
3 3
3 3
3 3
3 3
3 3
3 3
3 3
3 3
3 3
3 3
3 3
3 3
3 3
3 3
3 3
3 3
3 3
3 3
3 3
3 3
3 3
3 3
3 3
3 3
3 3
3 3
3 3
3 3
3 3
3 3
3 3
3 3
3 3
3 3
3 3
3 3
3 3
3 3
3 3
3 3
3 3
3 3
3 3
3 3
3 3
3 3
3 3
3 3
3 3
3 3
3 3
3 3
3 3
3 3
3 3
3 3
3 3
3 3
3 3
3 3
3 3
3 3
3 3
3 3
3 3
3 3
3 3
3 3
3 3
3 3
3 3
3 3
3 3
3 3
3 3
3 3
3 3
3 3
3 3
3 3
3 3
3 3
3 3
3 3
3 3
3 3
3 3
3 3
3 3
3 3
3 3
3 3
3 3
3 3
3 3
3 3
3 3
3 3
3 3
3 3
3 3
3 3
3 3
3 3
3 3
3 3
3 3
3 3
3 3
3 3
3 3
3 3
3 3
3 3
3 3
3 3
3 3
3 3
3 3
3 3
3 3
3 3
3 3
3 3
3 3
3 3
3 3
3 3
3 3
3 3
3 3
3 3
3 3
3 3
3 3
3 3
3 3
3 3
3 3
3 3
3 3
3 3
3 3
3 3
3 3
3 3
3 3
3 3
3 3
3 3
3 3
3 3
3 3
3 3
3 3
3 3
3 3
3 3
3 3
3 3
3 3
3 3
3 3
3 3
3 3
3 3
3 3
3 3
3 3
3 3
3 3
3 3
3 3
3 3
3 3
3 3
3 3
3 3
3 3
3 3
3 3
3 3
3 3
3 3
3 3
3 3
3 3
3 3
3 3
3 3
3 3
3 3
3 3
3 3
3 3
3 3
3 3
3 3
3 3
3 3
3 3
3 3
3 3
3 3
3 3
3 3
3 3
3 3
3 3
3 3
3 3
3 3
3 3
3 3
3 3
3 3
3 3
3 3
3 3
3 3
3 3
3 3
3 3
3 3
3 3
3 3
3 3
3 3
3 3
3 3
3 3
3 3
3 3
3 3
3 3
3 3
3 3
3 3
3 3
3 3
3 3
3 3
3 3
3 3
3 3
3 3
3 3
3 3
3 3
3 3
3 3
3 3
3 3
3 3
3 3
3 3
3 3
3 3
3 3
3 3
3 3
3 3
3 3
3 3
3 3
3 3
3 3
3 3
3 3
3 3
3 3
3 3
3 3
3 3
3 3
3 3
3 3
3 3
3 3
3 3
3 3
3 3
3 3
3 3
3 3
3 3
3 3
3 3
3 3
3 3
3 3
3 3
3 3
3 3
3 3
3 3
3 3
3 3
3 3
3 3
3 3
3 3
3 3
3 3
3 3
3 3
3 3
3 3
3 3
3 3
3 3
3 3
3 3
3 3
3 3
3 3
3 3
3 3
3 3
3 3
3 3
3 3
3 3
3 3
3 3
3 3
3 3
3 3
3 3
3 3
3 3
3 3
3 3
3 3
3 3
3 3
3 3
3 3
3 3
3 3
3 3
3 3
3 3
3 3
3 3
3 3
3 3
3 3
3 3
3 3
3 3
3 3
3 3
3 3
3 3
3 3
3 3
3 3
3 3
3 3
3 3
3 3
3 3
3 3
3 3
3 3
3 3
3 3
3 3
3 3
3 3
3 3
3 3
3 3
3 3
3 3
3 3
3 3
3 3
3 3
3 3
3 3
3 3
3 3
3 3
3 3
3 3
3 3
3 3
3 3
3 3
3 3
3 3
3 3
3 3
3 3
3 3
3 3
3 3
3 3
3 3
3 3
3 3
3 3
3 3
3 3
3 3
3 3
3 3
3 3
3 3
3 3
3 3
3 3
3 3
3 3
3 3
3 3
3 3
3 3
3 3
3 3
3 3
3 3
3 3
3 3
3 3
3 3
3 3
3 3
3 3
3 3
3 3
3 3
3 3
3 3
3 3
3 3
3 3
3 3
3 3
3 3
3 3
3 3
3 3
3 3
3 3
3 3
3 3
3 3
3 3
3 3
3 3
3 3
3 3
3 3
3 3
3 3
3 3
3 3
3 3
3 3
3 3
3 3
3 3
3 3
3 3
3 3
3 3
3 3
3 3
3 3
3 3
3 3
3 3
3 3
3 3
3 3
3 3
3 3
3 3
3 3
3 3
3 3
3 3
3 3
3 3
3 3
3 3
3 3
3 3
3 3
3 3
3 3
3 3
3 3
3 3
3 3
3 3
3 3
3 3
3 3
3 3
3 3
3 3
3 3
3 3
3 3
3 3
3 3
3 3
3 3
3 3
3 3
3 3
3 3
3 3
3 3
3 3
3 3
3 3
3 3
3 3
3 3
3 3
3 3
3 3
3 3
3 3
3 3
3 3
3 3
3 3
3 3
3 3
3 3
3 3
3 3
3 3
3 3
3 3
3 3
3 3
3 3
3 3
3 3
3 3
3 3
3 3
3 3
3 3
3 3
3 3
3 3
3 3
3 3
3 3
3 3
3 3
3 3
3 3
3 3
3 3
3 3
3 3
3 3
3 3
3 3
3 3
3 3
3 3
3 3
3 3
3 3
3 3
3 3
3 3
3 3
3 3
3 3
3 3
3 3
3 3
3 3
3 3
3 3
3 3
3 3
3 3
3 3
3 3
3 3
3 3
3 3
3 3
3 3
3 3
3 3
3 3
3 3
3 3
3 3
3 3
3 3
3 3
3 3
3 3
3 3
3 3
3 3
3 3
3 3
3 3
3 3
3 3
3 3
3 3
3 3
3 3
3 3
3 3
3 3
3 3
3 3
3 3
3 3
3 3
3 3
3 3
3 3
3 3
3 3
3 3
3 3
3 3
3 3
3 3
3 3
3 3
3 3
3 3
3 3
3 3
3 3
3 3
3 3
3 3
3 3
3 3
3 3
3 3
3 3
3 3
3 3
3 3
3 3
3 3
3 3
3 3
3 3
3 3
3 3
3 3
3 3
3 3
3 3
3 3
3 3
3 3
3 3
3 3
3 3
3 3
3 3
3 3
3 3
3 3
3 3
3 3
3 3
3 3
3 3
3 3
3 3
3 3
3 3
3 3
3 3
3 3
3 3
3 3
3 3
3 3
3 3
3 3
3 3
3 3
3 3
3 3
3 3
3 3
3 3
3 3
3 3
3 3
3 3
3 3
3 3
3 3
3 3
3 3
3 3
3 3
3 3
3 3
3 3
3 3
3 3
3 3
3 3
3 3
3 3
3 3
3 3
3 3
3 3
3 3
3 3
3 3
3 3
3 3
3 3
3 3
3 3
3 3
3 3
3 3
3 3
3 3
3 3
3 3
3 3
3 3
3 3
3 3
3 3
3 3
3 3
3 3
3 3
3 3
3 3
3 3
3 3
3 3
3 3
3 3
3 3
3 3
3 3
3 3
3 3
3 3
3 3
3 3
3 3
3 3
3 3
3 3
3 3
3 3
3 3
3 3
3 3
3 3
3 3
3 3
3 3
3 3
3 3
3 3
3 3
3 3
3 3
3 3
3 3
3 3
3 3
3 3
3 3
3 3
3 3
3 3
3 3
3 3
3 3
3 3
3 3
3 3
3 3
3 3
3 3
3 3
3 3
3 3
3 3
3 3
3 3
3 3
3 3
3 3
3 3
3 3
3 3
3 3
3 3
3 3
3 3
3 3
3 3
3 3
3 3
3 3
3 3
3 3
3 3
3 3
3 3
3 3
3 3
3 3
3 3
3 3
3 3
3 3
3 3
3 3
3 3
3 3
3 3
3 3
3 3
3 3
3 3
3 3
3 3
3 3
3 3
3 3
3 3
3 3
3 3
3 3
3 3
3 3
3 3
3 3
3 3
3 3
3 3
3 3
3 3
3 3
3 3
3 3
3 3
3 3
3 3
3 3
3 3
3 3
3 3
3 3
3 3
3 3
3 3
3 3
3 3
3 3
3 3
3 3
3 3
3 3
3 3
3 3
3 3
3 3
3 3
3 3
3 3
3 3
3 3
3 3
3 3
3 3
3 3
3 3
3 3
3 3
3 3
3 3
3 3
3 3
3 3
3 3
3 3
3 3
3 3
3 3
3 3
3 3
3 3
3 3
3 3
3 3
3 3
3 3
3 3
3 3
3 3
3 3
3 3
3 3
3 3
3 3
3 3
3 3
3 3
3 3
3 3
3 3
3 3
3 3
3 3
3 3
3 3
3 3
3 3
3 3
3 3
3 3
3 3
3 3
3 3
3 3
3 3
3 3
3 3
3 3
3 3
3 3
3 3
3 3
3 3
3 3
3 3
3 3
3 3
3 3
3 3
3 3
3 3
3 3
3 3
3 3
3 3
3 3
3 3
3 3
3 3
3 3
3 3
3 3
3 3
3 3
3 3
3 3
3 3
3 3
3 3
3 3
3 3
3 3
3 3
3 3
3 3
3 3
3 3
3 3
3 3
3 3
3 3
3 3
3 3
3 3
3 3
3 3
3 3
3 3
3 3
3 3
3 3
3 3
3 3
3 3
3 3
3 3
3 3
3 3
3 3
3 3
3 3
3 3
3 3
3 3
3 3
3 3
3 3
3 3
3 3
3 3
3 3
3 3
3 3
3 3
3 3
3 3
3 3
3 3
3 3
3 3
3 3
3 3
3 3
3 3
3 3
3 3
3 3
3 3
3 3
3 3
3 3
3 3
3 3
3 3
3 3
3 3
3 3
3 3
3 3
3 3
3 3
3 3
3 3
3 3
3 3
3 3
3 3
3 3
3 3
3 3
3 3
3 3
3 3
3 3
3 3
3 3
3 3
3 3
3 3
3 3
3 3
3 3
3 3
3 3
3 3
3 3
3 3
3 3
3 3
3 3
3 3
3 3
3 3
3 3
3 3
3 3
3 3
3 3
3 3
3 3
3 3
3 3
3 3
3 3
3 3
3 3
3 3
3 3
3 3
3 3
3 3
3 3
3 3
3 3
3 3
3 3
3 3
3 3
3 3
3 3
3 3
3 3
3 3
3 3
3 3
3 3
3 3
3 3
3 3
3 3
3 3
3 3
3 3
3 3
3 3
3 3
3 3
3 3
3 3
3 3
3 3
3 3
3 3
3 3
3 3
3 3
3 3
3 3
3 3
3 3
3 3
3 3
3 3
3 3
3 3
3 3
3 3
3 3
3 3
3 3
3 3
3 3
3 3
3 3
3 3
3 3
3 3
3 3
3 3
3 3
3 3
3 3
3 3
3 3
3 3
3 3
3 3
3 3
3 3
3 3
3 3
3 3
3 3
3 3
3 3
3 3
3 3
3 3
3 3
3 3
3 3
3 3
3 3
3 3
3 3
3 3
3 3
3 3
3 3
3 3
3 3
3 3
3 3
3 3
3 3
3 3
3 3
3 3
3 3
3 3
3 3
3 3
3 3
3 3
3 3
3 3
3 3
3 3
3 3
3 3
3 3
3 3
3 3
3 3
3 3
3 3
3 3
3 3
3 3
3 3
3 3
3 3
3 3
3 3
3 3
3 3
3 3
3 3
3 3
3 3
3 3
3 3
3 3
3 3
3 3
3 3
3 3
3 3
3 3
3 3
3 3
3 3
3 3
3 3
3 3
3 3
3 3
3 3
3 3
3 3
3 3
3 3
3 3
3 3
3 3
3 3
3 3
3 3
3 3
3 3
3 3
3 3
3 3
3 3
3 3
3 3
3 3
3 3
3 3
3 3
3 3
3 3
3 3
3 3
3 3
3 3
3 3
3 3
3 3
3 3
3 3
3 3
3 3
3 3
3 3
3 3
3 3
3 3
3 3
3 3
3 3
3 3
3 3
3 3
3 3
3 3
3 3
3 3
3 3
3 3
3 3
3 3
3 3
3 3
3 3
3 3
3 3
3 3
3 3
3 3
3 3
3 3
3 3
3 3
3 3
3 3
3 3
3 3
3 3
3 3
3 3
3 3
3 3
3 3
3 3
3 3
3 3
3 3
3 3
3 3
3 3
3 3
3 3
3 3
3 3
3 3
3 3
3 3
3 3
3 3
3 3
3 3
3 3
3 3
3 3
3 3
3 3
3 3
3 3
3 3
3 3
3 3
3 3
3 3
3 3
3 3
3 3
3 3
3 3
3 3
3 3
3 3
3 3
3 3
3 3
3 3
3 3
3 3
3 3
3 3
3 3
3 3
3 3
3 3
3 3
3 3
3 3
3 3
3 3
3 3
3 3
3 3
3 3
3 3
3 3
3 3
3 3
3 3
3 3
3 3
3 3
3 3
3 3
3 3
3 3
3 3
3 3
3 3
3 3
3 3
3 3
3 3
3 3
3 3
3 3
3 3
3 3
3 3
3 3
3 3
3 3
3 3
3 3
3 3
3 3
3 3
3 3
3 3
3 3
3 3
3 3
3 3
3 3
3 3
3 3
3 3
3 3
3 3
3 3
3 3
3 3
3 3
3 3
3 3
3 3
3 3
3 3
3 3
3 3
3 3
3 3
3 3
3 3
3 3
3 3
3 3
3 3
3 3
3 3
3 3
3 3
3 3
3 3
3 3
3 3
3 3
3 3
3 3
3 3
3 3
3 3
3 3
3 3
3 3
3 3
3 3
3 3
3 3
3 3
3 3
3 3
3 3
3 3
3 3
3 3
3 3
3 3
3 3
3 3
3 3
3 3
3 3
3 3
3 3
3 3
3 3
3 3
3 3
3 3
3 3
3 3
3 3
3 3
3 3
3 3
3 3
3 3
3 3
3 3
3 3
3 3
3 3
3 3
3 3
3 3
3 3
3 3
3 3
3 3
3 3
3 3
3 3
3 3
3 3
3 3
3 3
3 3
3 3
3 3
3 3
3 3
3 3
3 3
3 3
3 3
3 3
3 3
3 3
3 3
3 3
3 3
3 3
3 3
3 3
3 3
3 3
3 3
3 3
3 3
3 3
3 3
3 3
3 3
3 3
3 3
3 3
3 3
3 3
3 3
3 3
3 3
3 3
3 3
3 3
3 3
3 3
3 3
3 3
3 3
3 3
3 3
3 3
3 3
3 3
3 3
3 3
3 3
3 3
3 3
3 3
3 3
3 3
3 3
3 3
3 3
3 3
3 3
3 3
3 3
3 3
3 3
3 3
3 3
3 3
3 3
3 3
3 3
3 3
3 3
3 3
3 3
3 3
3 3
3 3
3 3
3 3
3 3
3 3
3 3
3 3
3 3
3 3
3 3
3 3
3 3
3 3
3 3
3 3
3 3
3 3
3 3
3 3
3 3
3 3
3 3
3 3
3 3
3 3
3 3
3 3
3 3
3 3
3 3
3 3
3 3
3 3
3 3
3 3
3 3
3 3
3 3
3 3
3 3
3 3
3 3
3 3
3 3
3 3
3 3
3 3
3 3
3 3
3 3
3 3
3 3
3 3
3 3
3 3
3 3
3 3
3 3
3 3
3 3
3 3
3 3
3 3
3 3
3 3
3 3
3 3
3 3
3 3
3 3
3 3
3 3
3 3
3 3
3 3
3 3
3 3
3 3
3 3
3 3
3 3
3 3
3 3
3 3
3 3
3 3
3 3
3 3
3 3
3 3
3 3
3 3
3 3
3 3
3 3
3 3
3 3
3 3
3 3
3 3
3 3
3 3
3 3
3 3
3 3
3 3
3 3
3 3
3 3
3 3
3 3
3 3
3 3
3 3
3 3
3 3
3 3
3 3
3 3
3 3
3 3
3 3
3 3
3 3
3 3
3 3
3 3
3 3
3 3
3 3
3 3
3 3
3 3
3 3
3 3
3 3
3 3
3 3
3 3
3 3
3 3
3 3
3 3
3 3
3 3
3 3
3 3
3 3
3 3
3 3
3 3
3 3
3 3
3 3
3 3
3 3
3 3
3 3
3 3
3 3
3 3
3 3
3 3
3 3
3 3
3 3
3 3
3 3
3 3
3 3
3 3
3 3
3 3
3 3
3 3
3 3
3 3
3 3
3 3
3 3
3 3
3 3
3 3
3 3
3 3
3 3
3 3
3 3
3 3
3 3
3 3
3 3
3 3
3 3
3 3
3 3
3 3
3 3
3 3
3 3
3 3
3 3
3 3
3 3
3 3
3 3
3 3
3 3
3 3
3 3
3 3
3 3
3 3
3 3
3 3
3 3
3 3
3 3
3 3
3 3
3 3
3 3
3 3
3 3
3 3
3 3
3 3
3 3
3 3
3 3
3 3
3 3
3 3
3 3
3 3
3 3
3 3
3 3
3 3
3 3
3 3
3 3
3 3
3 3
3 3
3 3
3 3
3 3
3 3
3 3
3 3
3 3
3 3
3 3
3 3
3 3
3 3
3 3
3 3
3 3
3 3
3 3
3 3
3 3
3 3
3 3
3 3
3 3
3 3
3 3
3 3
3 3
3 3
3 3
3 3
3 3
3 3
3 3
3 3
3 3
3 3
3 3
3 3
3 3
3 3
3 3
3 3
3 3
3 3
3 3
3 3
3 3
3 3
3 3
3 3
3 3
3 3
3 3
3 3
3 3
3 3
3 3
3 3
3 3
3 3
3 3
3 3
3 3
3 3
3 3
3 3
3 3
3 3
3 3
3 3
3 3
3 3
3 3
3 3
3 3
3 3
3 3
3 3
3 3
3 3
3 3
3 3
3 3
3 3
3 3
3 3
3 3
3 3
3 3
3 3
3 3
3 3
3 3
3 3
3 3
3 3
3 3
3 3
3 3
3 3
3 3
3 3
3 3
3 3
3 3
3 3
3 3
3 3
3 3
3 3
3 3
3 3
3 3
3 3
3 3
3 3
3 3
3 3
3 3
3 3
3 3
3 3
3 3
3 3
3 3
3 3
3 3
3 3
3 3
3 3
3 3
3 3
3 3
3 3
3 3
3 3
3 3
3 3
3 3
3 3
3 3
3 3
3 3
3 3
3 3
3 3
3 3
3 3
3 3
3 3
3 3
3 3
3 3
3 3
3 3
3 3
3 3
3 3
3 3
3 3
3 3
3 3
3 3
3 3
3 3
3 3
3 3
3 3
3 3
3 3
3 3
3 3
3 3
3 3
3 3
3 3
3 3
3 3
3 3
3 3
3 3
3 3
3 3
3 3
3 3
3 3
3 3
3 3
3 3
3 3
3 3
3 3
3 3
3 3
3 3
3 3
3 3
3 3
3 3
3 3
3 3
3 3
3 3
3 3
3 3
3 3
3 3
3 3
3 3
3 3
3 3
3 3
3 3
3 3
3 3
3 3
3 3
3 3
3 3
3 3
3 3
3 3
3 3
3 3
3 3
3 3
3 3
3 3
3 3
3 3
3 3
3 3
3 3
3 3
3 3
3 3
3 3
3 3
3 3
3 3
3 3
3 3
3 3
3 3
3 3
3 3
3 3
3 3
3 3
3 3
3 3
3 3
3 3
3 3
3 3
3 3
3 3
3 3
3 3
3 3
3 3
3 3
3 3
3 3
3 3
3 3
3 3
3 3
3 3
3 3
3 3
3 3
3 3
3 3
3 3
3 3
3 3
3 3
3 3
3 3
3 3
3 3
3 3
3 3
3 3
3 3
3 3
3 3
3 3
3 3
3 3
3 3
3 3
3 3
3 3
3 3
3 3
3 3
3 3
3 3
3 3
3 3
3 3
3 3
3 3
3 3
3 3
3 3
3 3
3 3
3 3
3 3
3 3
3 3
3 3
3 3
3 3
3 3
3 3
3 3
3 3
3 3
3 3
3 3
3 3
3 3
3 3
3 3
3 3
3 3
3 3
3 3
3 3
3 3
3 3
3 3
3 3
3 3
3 3
3 3
3 3
3 3
3 3
3 3
3 3
3 3
3 3
3 3
3 3
3 3
3 3
3 3
3 3
3 3
3 3
3 3
3 3
3 3
3 3
3 3
3 3
3 3
3 3
3 3
3 3
3 3
3 3
3 3
3 3
3 3
3 3
3 3
3 3
3 3
3 3
3 3
3 3
3 3
3 3
3 3
3 3
3 3
3 3
3 3
3 3
3 3
3 3
3 3
3 3
3 3
3 3
3 3
3 3
3 3
3 3
3 3
3 3
3 3
3 3
3 3
3 3
3 3
3 3
3 3
3 3
3 3
3 3
3 3
3 3
3 3
3 3
3 3
3 3
3 3
3 3
3 3
3 3
3 3
3 3
3 3
3 3
3 3
3 3
3 3
3 3
3 3
3 3
3 3
3 3
3 3
3 3
3 3
3 3
3 3
3 3
3 3
3 3
3 3
3 3
3 3
3 3
3 3
3 3
3 3
3 3
3 3
3 3
3 3
3 3
3 3
3 3
3 3
3 3
3 3
3 3
3 3
3 3
3 3
3 3
3 3
3 3
3 3
3 3
3 3
3 3
3 3
3 3
3 3
3 3
3 3
3 3
3 3
3 3
3 3
3 3
3 3
3 3
3 3
3 3
3 3
3 3
3 3
3 3
3 3
3 3
3 3
3 3
3 3
3 3
3 3
3 3
3 3
3 3
3 3
3 3
3 3
3 3
3 3
3 3
3 3
