3 13 1 0.01
0.047357024152195226 0.3422914915142637 0.4323974384916851 1.0235531948286556 0.050110110664975255 0.3074538000550315 0.6098163221980668 0.29268719841934204 0.5285337647702142 0.38249929645542363 0.42979660268410186 3.924761421501228 -0.6491910185077772 
0.9125791828718481 0.7351186311917429 0.9273537503444363 0.7325683646067717 0.16437579069502828 0.5397253130352124 0.2743605465675567 0.7559538914912695 0.7997874917409171 0.296827600584282 0.3976667540436434 -1.2645207543715526 -1.9448090860109186 
0.3631076410429377 0.84251504001278 0.25867047705667456 0.8737275014606485 0.5583222819638675 0.5747843914599778 0.18078190575984968 0.014060083189460785 0.44561660146556475 0.509609146209154 0.38949074360467284 9.397035074137089E-4 0.8171046322177037 
0.04950130697450261 0.5907006298159113 0.474421953763031 0.40016938460015805 0.17082873419936784 0.8899180421283298 0.23691775788682667 0.7785661522850071 0.9033838104388321 0.9823550284790477 0.5686574770287804 0.22339209766485302 0.3931427663951743 
-0.424259485448838 
0.26633970403111656 
-0.3823849720905738 
0.32478161431743086 
-0.20325366003679 
-0.31573177328281005 
-0.37366525930070205 
0.29027394890461383 
-0.22404174368532281 
0.22831412253263017 
0.2435325206915206 
0.5230752646842295 
-0.15716031083846804 
0.22482489051479282 

