3 33 1 0.01
0.5792177391263216 0.7498359052966509 0.8716770633525358 0.3385217978536147 0.09250104830220585 0.9952660936718121 0.24448582878669245 0.9097906184007187 0.8217647980539794 0.5525887253268834 0.8493834799692455 0.7493785479013328 0.6622004204525083 0.5947151492772722 0.7212547101523832 0.2238614651028508 0.40266504632639744 0.36685618611319903 0.21756566031819274 0.08030006537128673 0.6614987673136644 0.963449442116028 0.03570412973575368 0.8751086328265655 0.3042237844106298 0.3927209977093203 0.5354499031920209 0.8662759826576867 0.48051885081829565 0.3206764734918982 0.6271025279537471 0.5692692599193326 0.6884835116737514 
0.5468621010031104 0.5296115086416251 0.541272807156656 0.47283108747248837 0.8123118987292833 0.6354017341191704 0.610635350748145 0.966252316507557 0.06946160940167317 0.6080048470748871 0.49442090125717036 0.8249559303884942 0.7562505103255642 0.11219262208419366 0.23504674333281492 0.31113288112250176 0.4219830191428894 0.11307428644601615 0.7976603443992247 0.26045478456523585 0.4131063224016671 0.8727629288633078 0.2327408714195881 0.33931352362587036 0.10128348687450461 0.16736431150810746 0.06873769795948365 0.28973722427964166 0.4173430736495651 0.7817582875735425 0.5362811062175251 0.9126816065326113 0.8157833668998257 
0.10129433471715155 0.5462174431453544 0.8746252225838068 0.16802284459185088 0.12045625428006645 0.6993843122255632 0.2690888170885848 0.8455307954602982 0.7116808170455989 0.043206866683768254 0.08462950385597685 0.9121932545013699 0.42668894406016417 0.44081320716129846 0.9398773004011032 0.10727594048234936 0.21590930891406562 0.4332178123504901 0.2276918001804465 0.7441466000350668 0.05384217596656061 0.690859290782682 0.15986122668789726 0.9893411462986509 0.8554255852062047 0.8810549581413466 0.35369231860539807 0.20470821398137495 0.14553133715868846 0.7807916471778958 0.7274089801980861 0.4700900757880795 0.4432093466526457 
0.028114308232825125 0.7547309957049074 0.5297468486007807 0.8996936680121022 0.760117175088058 0.5215666943500925 0.25555371571846874 0.39837093549521474 0.6995266158445052 0.19070011004915877 0.2569183646134483 0.30224925953854676 0.9583598255354155 0.13326016441216115 0.9274183757562706 0.003803644314247845 0.9413811484588391 0.07678508406510198 0.9736220797737719 0.6701800400776357 0.2525840105281906 0.31759946233795466 0.3378809133864873 0.9222954952057956 0.43468579502672655 0.9117195991177744 0.8983024449613708 0.70042842095936 0.7046293592268729 0.2243221453610651 0.7402460725880713 0.23783822616841155 0.5873440292173844 
-0.16831467402830233 
-0.39760058551007765 
0.380481873158171 
-0.013141493391807478 
0.10473778485186135 
-0.11520536650873038 
0.033009490371559556 
0.34628589833498774 
-0.43401921406064764 
0.0541988418530463 
-0.013907024691592395 
-0.1757985476851985 
0.004207118191240416 
0.12760876342416158 
0.3239599848940034 
-0.4174585908794088 
0.2211692956281906 
-7.2613567710128085E-6 
-0.20499008099116064 
0.24827255629060693 
-0.45422414610933654 
0.10880872695564188 
-0.2574685476892438 
0.46999494846895956 
0.31741538584289986 
-0.27707513777722076 
-0.2469482852875146 
-0.4623864817041952 
-0.2646786418555637 
-0.18270957511131578 
0.40837879739373345 
0.33205453718514005 
0.15416328592469083 
0.16574410132776385 

