6.6 8.16
6.6 8.28
6.6 8.4
6.6 8.52
6.6 8.64
6.6 8.76
6.6 8.88
6.6 9
6.8 7.68
6.8 7.8
6.8 7.92
6.8 8.04
6.8 8.16
6.8 8.28
6.8 8.4
6.8 8.52
6.8 8.64
6.8 8.76
6.8 8.88
6.8 9
6.8 9.12
6.8 9.24
7 7.08
7 7.2
7 7.32
7 7.44
7 7.56
7 7.68
7 7.8
7 7.92
7 8.04
7 8.16
7 8.28
7 8.4
7 8.52
7 8.64
7 8.76
7 8.88
7 9
7 9.12
7 9.24
7 9.36
7 9.48
7 9.6
7.2 6.6
7.2 6.72
7.2 6.84
7.2 6.96
7.2 7.08
7.2 7.2
7.2 7.32
7.2 7.44
7.2 7.56
7.2 7.68
7.2 7.8
7.2 7.92
7.2 8.04
7.2 8.16
7.2 8.28
7.2 8.4
7.2 8.52
7.2 8.64
7.2 8.76
7.2 8.88
7.2 9
7.2 9.12
7.2 9.24
7.2 9.36
7.2 9.48
7.2 9.6
7.2 9.72
7.4 6.12
7.4 6.24
7.4 6.36
7.4 6.48
7.4 6.6
7.4 6.72
7.4 6.84
7.4 6.96
7.4 7.08
7.4 7.2
7.4 7.32
7.4 7.44
7.4 7.56
7.4 7.68
7.4 7.8
7.4 7.92
7.4 8.04
7.4 8.16
7.4 8.28
7.4 8.4
7.4 8.52
7.4 8.64
7.4 8.76
7.4 8.88
7.4 9
7.4 9.12
7.4 9.24
7.4 9.36
7.4 9.48
7.4 9.6
7.4 9.72
7.4 9.84
7.6 5.64
7.6 5.76
7.6 5.88
7.6 6
7.6 6.12
7.6 6.24
7.6 6.36
7.6 6.48
7.6 6.6
7.6 6.72
7.6 6.84
7.6 6.96
7.6 7.08
7.6 7.2
7.6 7.32
7.6 7.44
7.6 7.56
7.6 7.68
7.6 7.8
7.6 7.92
7.6 8.04
7.6 8.16
7.6 8.28
7.6 8.4
7.6 8.52
7.6 8.64
7.6 8.76
7.6 8.88
7.6 9
7.6 9.12
7.6 9.24
7.6 9.36
7.6 9.48
7.6 9.6
7.6 9.72
7.6 9.84
7.6 9.96
7.8 5.28
7.8 5.4
7.8 5.52
7.8 5.64
7.8 5.76
7.8 5.88
7.8 6
7.8 6.12
7.8 6.24
7.8 6.36
7.8 6.48
7.8 6.6
7.8 6.72
7.8 6.84
7.8 6.96
7.8 7.08
7.8 7.2
7.8 7.32
7.8 7.44
7.8 7.56
7.8 7.68
7.8 7.8
7.8 7.92
7.8 8.04
7.8 8.16
7.8 8.28
7.8 8.4
7.8 8.52
7.8 8.64
7.8 8.76
7.8 8.88
7.8 9
7.8 9.12
7.8 9.24
7.8 9.36
7.8 9.48
7.8 9.6
7.8 9.72
7.8 9.84
7.8 9.96
7.8 10.08
8 5.28
8 5.4
8 5.52
8 5.64
8 5.76
8 5.88
8 6
8 6.12
8 6.24
8 6.36
8 6.48
8 6.6
8 6.72
8 6.84
8 6.96
8 7.08
8 7.2
8 7.32
8 7.44
8 7.56
8 7.68
8 7.8
8 7.92
8 8.04
8 8.16
8 8.28
8 8.4
8 8.52
8 8.64
8 8.76
8 8.88
8 9
8 9.12
8 9.24
8 9.36
8 9.48
8 9.6
8 9.72
8 9.84
8 9.96
8 10.08
8 10.2
8.2 5.28
8.2 5.4
8.2 5.52
8.2 5.64
8.2 5.76
8.2 5.88
8.2 6
8.2 6.12
8.2 6.24
8.2 6.36
8.2 6.48
8.2 6.6
8.2 6.72
8.2 6.84
8.2 6.96
8.2 7.08
8.2 7.2
8.2 7.32
8.2 7.44
8.2 7.56
8.2 7.68
8.2 7.8
8.2 7.92
8.2 8.04
8.2 8.16
8.2 8.28
8.2 8.4
8.2 8.52
8.2 8.64
8.2 8.76
8.2 8.88
8.2 9
8.2 9.12
8.2 9.24
8.2 9.36
8.2 9.48
8.2 9.6
8.2 9.72
8.2 9.84
8.2 9.96
8.2 10.08
8.2 10.2
8.2 10.32
8.4 5.28
8.4 5.4
8.4 5.52
8.4 5.64
8.4 5.76
8.4 5.88
8.4 6
8.4 6.12
8.4 6.24
8.4 6.36
8.4 6.48
8.4 6.6
8.4 6.72
8.4 6.84
8.4 6.96
8.4 7.08
8.4 7.2
8.4 7.32
8.4 7.44
8.4 7.56
8.4 7.68
8.4 7.8
8.4 7.92
8.4 8.04
8.4 8.16
8.4 8.28
8.4 8.4
8.4 8.52
8.4 8.64
8.4 8.76
8.4 8.88
8.4 9
8.4 9.12
8.4 9.24
8.4 9.36
8.4 9.48
8.4 9.6
8.4 9.72
8.4 9.84
8.4 9.96
8.4 10.08
8.4 10.2
8.4 10.32
8.6 5.28
8.6 5.4
8.6 5.52
8.6 5.64
8.6 5.76
8.6 5.88
8.6 6
8.6 6.12
8.6 6.24
8.6 6.36
8.6 6.48
8.6 6.6
8.6 6.72
8.6 6.84
8.6 6.96
8.6 7.08
8.6 7.2
8.6 7.32
8.6 7.44
8.6 7.56
8.6 7.68
8.6 7.8
8.6 7.92
8.6 8.04
8.6 8.16
8.6 8.28
8.6 8.4
8.6 8.52
8.6 8.64
8.6 8.76
8.6 8.88
8.6 9
8.6 9.12
8.6 9.24
8.6 9.36
8.6 9.48
8.6 9.6
8.6 9.72
8.6 9.84
8.6 9.96
8.6 10.08
8.6 10.2
8.6 10.32
8.6 10.44
8.8 4.92
8.8 5.04
8.8 5.16
8.8 5.28
8.8 5.4
8.8 5.52
8.8 5.64
8.8 5.76
8.8 5.88
8.8 6
8.8 6.12
8.8 6.24
8.8 6.36
8.8 6.48
8.8 6.6
8.8 6.72
8.8 6.84
8.8 6.96
8.8 7.08
8.8 7.2
8.8 7.32
8.8 7.44
8.8 7.56
8.8 7.68
8.8 7.8
8.8 7.92
8.8 8.04
8.8 8.16
8.8 8.28
8.8 8.4
8.8 8.52
8.8 8.64
8.8 8.76
8.8 8.88
8.8 9
8.8 9.12
8.8 9.24
8.8 9.36
8.8 9.48
8.8 9.6
8.8 9.72
8.8 9.84
8.8 9.96
8.8 10.08
8.8 10.2
8.8 10.32
8.8 10.44
9 4.56
9 4.68
9 4.8
9 4.92
9 5.04
9 5.16
9 5.28
9 5.4
9 5.52
9 5.64
9 5.76
9 5.88
9 6
9 6.12
9 6.24
9 6.36
9 6.48
9 6.6
9 6.72
9 6.84
9 6.96
9 7.08
9 7.2
9 7.32
9 7.44
9 7.56
9 7.68
9 7.8
9 7.92
9 8.04
9 8.16
9 8.28
9 8.4
9 8.52
9 8.64
9 8.76
9 8.88
9 9
9 9.12
9 9.24
9 9.36
9 9.48
9 9.6
9 9.72
9 9.84
9 9.96
9 10.08
9 10.2
9 10.32
9 10.44
9 10.56
9.2 4.44
9.2 4.56
9.2 4.68
9.2 4.8
9.2 4.92
9.2 5.04
9.2 5.16
9.2 5.28
9.2 5.4
9.2 5.52
9.2 5.64
9.2 5.76
9.2 5.88
9.2 6
9.2 6.12
9.2 6.24
9.2 6.36
9.2 6.48
9.2 6.6
9.2 6.72
9.2 6.84
9.2 6.96
9.2 7.08
9.2 7.2
9.2 7.32
9.2 7.44
9.2 7.56
9.2 7.68
9.2 7.8
9.2 7.92
9.2 8.04
9.2 8.16
9.2 8.28
9.2 8.4
9.2 8.52
9.2 8.64
9.2 8.76
9.2 8.88
9.2 9
9.2 9.12
9.2 9.24
9.2 9.36
9.2 9.48
9.2 9.6
9.2 9.72
9.2 9.84
9.2 9.96
9.2 10.08
9.2 10.2
9.2 10.32
9.2 10.44
9.2 10.56
9.4 4.44
9.4 4.56
9.4 4.68
9.4 4.8
9.4 4.92
9.4 5.04
9.4 5.16
9.4 5.28
9.4 5.4
9.4 5.52
9.4 5.64
9.4 5.76
9.4 5.88
9.4 6
9.4 6.12
9.4 6.24
9.4 6.36
9.4 6.48
9.4 6.6
9.4 6.72
9.4 6.84
9.4 6.96
9.4 7.08
9.4 7.2
9.4 7.32
9.4 7.44
9.4 7.56
9.4 7.68
9.4 7.8
9.4 7.92
9.4 8.04
9.4 8.16
9.4 8.28
9.4 8.4
9.4 8.52
9.4 8.64
9.4 8.76
9.4 8.88
9.4 9
9.4 9.12
9.4 9.24
9.4 9.36
9.4 9.48
9.4 9.6
9.4 9.72
9.4 9.84
9.4 9.96
9.4 10.08
9.4 10.2
9.4 10.32
9.4 10.44
9.4 10.56
9.4 10.68
9.6 4.56
9.6 4.68
9.6 4.8
9.6 4.92
9.6 5.04
9.6 5.16
9.6 5.28
9.6 5.4
9.6 5.52
9.6 5.64
9.6 5.76
9.6 5.88
9.6 6
9.6 6.12
9.6 6.24
9.6 6.36
9.6 6.48
9.6 6.6
9.6 6.72
9.6 6.84
9.6 6.96
9.6 7.08
9.6 7.2
9.6 7.32
9.6 7.44
9.6 7.56
9.6 7.68
9.6 7.8
9.6 7.92
9.6 8.04
9.6 8.16
9.6 8.28
9.6 8.4
9.6 8.52
9.6 8.64
9.6 8.76
9.6 8.88
9.6 9
9.6 9.12
9.6 9.24
9.6 9.36
9.6 9.48
9.6 9.6
9.6 9.72
9.6 9.84
9.6 9.96
9.6 10.08
9.6 10.2
9.6 10.32
9.6 10.44
9.6 10.56
9.6 10.68
9.8 4.68
9.8 4.8
9.8 4.92
9.8 5.04
9.8 5.16
9.8 5.28
9.8 5.4
9.8 5.52
9.8 5.64
9.8 5.76
9.8 5.88
9.8 6
9.8 6.12
9.8 6.24
9.8 6.36
9.8 6.48
9.8 6.6
9.8 6.72
9.8 6.84
9.8 6.96
9.8 7.08
9.8 7.2
9.8 7.32
9.8 7.44
9.8 7.56
9.8 7.68
9.8 7.8
9.8 7.92
9.8 8.04
9.8 8.16
9.8 8.28
9.8 8.4
9.8 8.52
9.8 8.64
9.8 8.76
9.8 8.88
9.8 9
9.8 9.12
9.8 9.24
9.8 9.36
9.8 9.48
9.8 9.6
9.8 9.72
9.8 9.84
9.8 9.96
9.8 10.08
9.8 10.2
9.8 10.32
9.8 10.44
9.8 10.56
9.8 10.68
10 4.8
10 4.92
10 5.04
10 5.16
10 5.28
10 5.4
10 5.52
10 5.64
10 5.76
10 5.88
10 6
10 6.12
10 6.24
10 6.36
10 6.48
10 6.6
10 6.72
10 6.84
10 6.96
10 7.08
10 7.2
10 7.32
10 7.44
10 7.56
10 7.68
10 7.8
10 7.92
10 8.04
10 8.16
10 8.28
10 8.4
10 8.52
10 8.64
10 8.76
10 8.88
10 9
10 9.12
10 9.24
10 9.36
10 9.48
10 9.6
10 9.72
10 9.84
10 9.96
10 10.08
10 10.2
10 10.32
10 10.44
10 10.56
10 10.68
10.2 4.8
10.2 4.92
10.2 5.04
10.2 5.16
10.2 5.28
10.2 5.4
10.2 5.52
10.2 5.64
10.2 5.76
10.2 5.88
10.2 6
10.2 6.12
10.2 6.24
10.2 6.36
10.2 6.48
10.2 6.6
10.2 6.72
10.2 6.84
10.2 6.96
10.2 7.08
10.2 7.2
10.2 7.32
10.2 7.44
10.2 7.56
10.2 7.68
10.2 7.8
10.2 7.92
10.2 8.04
10.2 8.16
10.2 8.28
10.2 8.4
10.2 8.52
10.2 8.64
10.2 8.76
10.2 8.88
10.2 9
10.2 9.12
10.2 9.24
10.2 9.36
10.2 9.48
10.2 9.6
10.2 9.72
10.2 9.84
10.2 9.96
10.2 10.08
10.2 10.2
10.2 10.32
10.2 10.44
10.2 10.56
10.2 10.68
10.4 4.92
10.4 5.04
10.4 5.16
10.4 5.28
10.4 5.4
10.4 5.52
10.4 5.64
10.4 5.76
10.4 5.88
10.4 6
10.4 6.12
10.4 6.24
10.4 6.36
10.4 6.48
10.4 6.6
10.4 6.72
10.4 6.84
10.4 6.96
10.4 7.08
10.4 7.2
10.4 7.32
10.4 7.44
10.4 7.56
10.4 7.68
10.4 7.8
10.4 7.92
10.4 8.04
10.4 8.16
10.4 8.28
10.4 8.4
10.4 8.52
10.4 8.64
10.4 8.76
10.4 8.88
10.4 9
10.4 9.12
10.4 9.24
10.4 9.36
10.4 9.48
10.4 9.6
10.4 9.72
10.4 9.84
10.4 9.96
10.4 10.08
10.4 10.2
10.4 10.32
10.4 10.44
10.4 10.56
10.4 10.68
10.6 5.04
10.6 5.16
10.6 5.28
10.6 5.4
10.6 5.52
10.6 5.64
10.6 5.76
10.6 5.88
10.6 6
10.6 6.12
10.6 6.24
10.6 6.36
10.6 6.48
10.6 6.6
10.6 6.72
10.6 6.84
10.6 6.96
10.6 7.08
10.6 7.2
10.6 7.32
10.6 7.44
10.6 7.56
10.6 7.68
10.6 7.8
10.6 7.92
10.6 8.04
10.6 8.16
10.6 8.28
10.6 8.4
10.6 8.52
10.6 8.64
10.6 8.76
10.6 8.88
10.6 9
10.6 9.12
10.6 9.24
10.6 9.36
10.6 9.48
10.6 9.6
10.6 9.72
10.6 9.84
10.6 9.96
10.6 10.08
10.6 10.2
10.6 10.32
10.6 10.44
10.6 10.56
10.8 5.16
10.8 5.28
10.8 5.4
10.8 5.52
10.8 5.64
10.8 5.76
10.8 5.88
10.8 6
10.8 6.12
10.8 6.24
10.8 6.36
10.8 6.48
10.8 6.6
10.8 6.72
10.8 6.84
10.8 6.96
10.8 7.08
10.8 7.2
10.8 7.32
10.8 7.44
10.8 7.56
10.8 7.68
10.8 7.8
10.8 7.92
10.8 8.04
10.8 8.16
10.8 8.28
10.8 8.4
10.8 8.52
10.8 8.64
10.8 8.76
10.8 8.88
10.8 9
10.8 9.12
10.8 9.24
10.8 9.36
10.8 9.48
10.8 9.6
10.8 9.72
10.8 9.84
10.8 9.96
10.8 10.08
10.8 10.2
10.8 10.32
10.8 10.44
10.8 10.56
11 5.28
11 5.4
11 5.52
11 5.64
11 5.76
11 5.88
11 6
11 6.12
11 6.24
11 6.36
11 6.48
11 6.6
11 6.72
11 6.84
11 6.96
11 7.08
11 7.2
11 7.32
11 7.44
11 7.56
11 7.68
11 7.8
11 7.92
11 8.04
11 8.16
11 8.28
11 8.4
11 8.52
11 8.64
11 8.76
11 8.88
11 9
11 9.12
11 9.24
11 9.36
11 9.48
11 9.6
11 9.72
11 9.84
11 9.96
11 10.08
11 10.2
11 10.32
11 10.44
11 10.56
11.2 5.4
11.2 5.52
11.2 5.64
11.2 5.76
11.2 5.88
11.2 6
11.2 6.12
11.2 6.24
11.2 6.36
11.2 6.48
11.2 6.6
11.2 6.72
11.2 6.84
11.2 6.96
11.2 7.08
11.2 7.2
11.2 7.32
11.2 7.44
11.2 7.56
11.2 7.68
11.2 7.8
11.2 7.92
11.2 8.04
11.2 8.16
11.2 8.28
11.2 8.4
11.2 8.52
11.2 8.64
11.2 8.76
11.2 8.88
11.2 9
11.2 9.12
11.2 9.24
11.2 9.36
11.2 9.48
11.2 9.6
11.2 9.72
11.2 9.84
11.2 9.96
11.2 10.08
11.2 10.2
11.2 10.32
11.2 10.44
11.4 5.4
11.4 5.52
11.4 5.64
11.4 5.76
11.4 5.88
11.4 6
11.4 6.12
11.4 6.24
11.4 6.36
11.4 6.48
11.4 6.6
11.4 6.72
11.4 6.84
11.4 6.96
11.4 7.08
11.4 7.2
11.4 7.32
11.4 7.44
11.4 7.56
11.4 7.68
11.4 7.8
11.4 7.92
11.4 8.04
11.4 8.16
11.4 8.28
11.4 8.4
11.4 8.52
11.4 8.64
11.4 8.76
11.4 8.88
11.4 9
11.4 9.12
11.4 9.24
11.4 9.36
11.4 9.48
11.4 9.6
11.4 9.72
11.4 9.84
11.4 9.96
11.4 10.08
11.4 10.2
11.4 10.32
11.6 5.52
11.6 5.64
11.6 5.76
11.6 5.88
11.6 6
11.6 6.12
11.6 6.24
11.6 6.36
11.6 6.48
11.6 6.6
11.6 6.72
11.6 6.84
11.6 6.96
11.6 7.08
11.6 7.2
11.6 7.32
11.6 7.44
11.6 7.56
11.6 7.68
11.6 7.8
11.6 7.92
11.6 8.04
11.6 8.16
11.6 8.28
11.6 8.4
11.6 8.52
11.6 8.64
11.6 8.76
11.6 8.88
11.6 9
11.6 9.12
11.6 9.24
11.6 9.36
11.6 9.48
11.6 9.6
11.6 9.72
11.6 9.84
11.6 9.96
11.6 10.08
11.6 10.2
11.8 5.64
11.8 5.76
11.8 5.88
11.8 6
11.8 6.12
11.8 6.24
11.8 6.36
11.8 6.48
11.8 6.6
11.8 6.72
11.8 6.84
11.8 6.96
11.8 7.08
11.8 7.2
11.8 7.32
11.8 7.44
11.8 7.56
11.8 7.68
11.8 7.8
11.8 7.92
11.8 8.04
11.8 8.16
11.8 8.28
11.8 8.4
11.8 8.52
11.8 8.64
11.8 8.76
11.8 8.88
11.8 9
11.8 9.12
11.8 9.24
11.8 9.36
11.8 9.48
11.8 9.6
11.8 9.72
11.8 9.84
11.8 9.96
11.8 10.08
12 5.76
12 5.88
12 6
12 6.12
12 6.24
12 6.36
12 6.48
12 6.6
12 6.72
12 6.84
12 6.96
12 7.08
12 7.2
12 7.32
12 7.44
12 7.56
12 7.68
12 7.8
12 7.92
12 8.04
12 8.16
12 8.28
12 8.4
12 8.52
12 8.64
12 8.76
12 8.88
12 9
12 9.12
12 9.24
12 9.36
12 9.48
12 9.6
12 9.72
12 9.84
12.2 5.88
12.2 6
12.2 6.12
12.2 6.24
12.2 6.36
12.2 6.48
12.2 6.6
12.2 6.72
12.2 6.84
12.2 6.96
12.2 7.08
12.2 7.2
12.2 7.32
12.2 7.44
12.2 7.56
12.2 7.68
12.2 7.8
12.2 7.92
12.2 8.04
12.2 8.16
12.2 8.28
12.2 8.4
12.2 8.52
12.2 8.64
12.2 8.76
12.2 8.88
12.2 9
12.2 9.12
12.2 9.24
12.2 9.36
12.2 9.48
12.2 9.6
12.4 6
12.4 6.12
12.4 6.24
12.4 6.36
12.4 6.48
12.4 6.6
12.4 6.72
12.4 6.84
12.4 6.96
12.4 7.08
12.4 7.2
12.4 7.32
12.4 7.44
12.4 7.56
12.4 7.68
12.4 7.8
12.4 7.92
12.4 8.04
12.4 8.16
12.4 8.28
12.4 8.4
12.4 8.52
12.4 8.64
12.4 8.76
12.4 8.88
12.4 9
12.4 9.12
12.4 9.24
12.6 6
12.6 6.12
12.6 6.24
12.6 6.36
12.6 6.48
12.6 6.6
12.6 6.72
12.6 6.84
12.6 6.96
12.6 7.08
12.6 7.2
12.6 7.32
12.6 7.44
12.6 7.56
12.6 7.68
12.6 7.8
12.6 7.92
12.6 8.04
12.6 8.16
12.6 8.28
12.6 8.4
12.6 8.52
12.6 8.64
12.6 8.76
12.6 8.88
12.6 9
12.8 6.12
12.8 6.24
12.8 6.36
12.8 6.48
12.8 6.6
12.8 6.72
12.8 6.84
12.8 6.96
12.8 7.08
12.8 7.2
12.8 7.92
12.8 8.04
12.8 8.16
12.8 8.28
12.8 8.4
12.8 8.52
12.8 8.64
12.8 8.76
13 6.24
13 6.36
13 6.48
13 6.6
13 6.72
13 6.84
13 6.96
13 8.28
13 8.4
13 8.52
13.2 6.36
13.2 6.48
13.2 6.6
13.2 6.72
