0 0
0 0.12
0 0.24
0 0.36
0 0.48
0 0.6
0 0.72
0 0.84
0 0.96
0 1.08
0 1.2
0 1.32
0 1.44
0 1.56
0 1.68
0 1.8
0 1.92
0 2.04
0 2.16
0 2.28
0 2.4
0 2.52
0 2.64
0 2.76
0 2.88
0 3
0 3.12
0 3.24
0 3.36
0 3.48
0 3.6
0 3.72
0 3.84
0 3.96
0 4.08
0 4.2
0 4.32
0 4.44
0 4.56
0 4.68
0 4.8
0 4.92
0 5.04
0 5.16
0 5.28
0 5.4
0 5.52
0 5.64
0 5.76
0 5.88
0 6
0 6.12
0 6.24
0 6.36
0 6.48
0 6.6
0 6.72
0 6.84
0 6.96
0 7.08
0 7.2
0 7.32
0 7.44
0 7.56
0 7.68
0 7.8
0 7.92
0 8.04
0 8.16
0 8.28
0 8.4
0 8.52
0 8.64
0 8.76
0 8.88
0 9
0 9.12
0 9.24
0 9.36
0 9.48
0 9.6
0 9.72
0 9.84
0 9.96
0 10.08
0 10.2
0 10.32
0 10.44
0 10.56
0 10.68
0 10.8
0 10.92
0 11.04
0 11.16
0 11.28
0 11.4
0 11.52
0 11.64
0 11.76
0 11.88
0.2 0
0.2 0.12
0.2 0.24
0.2 0.36
0.2 0.48
0.2 0.6
0.2 0.72
0.2 0.84
0.2 0.96
0.2 1.08
0.2 1.2
0.2 1.32
0.2 1.44
0.2 1.56
0.2 1.68
0.2 1.8
0.2 1.92
0.2 2.04
0.2 2.16
0.2 2.28
0.2 2.4
0.2 2.52
0.2 2.64
0.2 2.76
0.2 2.88
0.2 3
0.2 3.12
0.2 3.24
0.2 3.36
0.2 3.48
0.2 3.6
0.2 3.72
0.2 3.84
0.2 3.96
0.2 4.08
0.2 4.2
0.2 4.32
0.2 4.44
0.2 4.56
0.2 4.68
0.2 4.8
0.2 4.92
0.2 5.04
0.2 5.16
0.2 5.28
0.2 5.4
0.2 5.52
0.2 5.64
0.2 5.76
0.2 5.88
0.2 6
0.2 6.12
0.2 6.24
0.2 6.36
0.2 6.48
0.2 6.6
0.2 6.72
0.2 6.84
0.2 6.96
0.2 7.08
0.2 7.2
0.2 7.32
0.2 7.44
0.2 7.56
0.2 7.68
0.2 7.8
0.2 7.92
0.2 8.04
0.2 8.16
0.2 8.28
0.2 8.4
0.2 8.52
0.2 8.64
0.2 8.76
0.2 8.88
0.2 9
0.2 9.12
0.2 9.24
0.2 9.36
0.2 9.48
0.2 9.6
0.2 9.72
0.2 9.84
0.2 9.96
0.2 10.08
0.2 10.2
0.2 10.32
0.2 10.44
0.2 10.56
0.2 10.68
0.2 10.8
0.2 10.92
0.2 11.04
0.2 11.16
0.2 11.28
0.2 11.4
0.2 11.52
0.2 11.64
0.2 11.76
0.2 11.88
0.4 0
0.4 0.12
0.4 0.24
0.4 0.36
0.4 0.48
0.4 0.6
0.4 0.72
0.4 0.84
0.4 0.96
0.4 1.08
0.4 1.2
0.4 1.32
0.4 1.44
0.4 1.56
0.4 1.68
0.4 1.8
0.4 1.92
0.4 2.04
0.4 2.16
0.4 2.28
0.4 2.4
0.4 2.52
0.4 2.64
0.4 2.76
0.4 2.88
0.4 3
0.4 3.12
0.4 3.24
0.4 3.36
0.4 3.48
0.4 3.6
0.4 3.72
0.4 3.84
0.4 3.96
0.4 4.08
0.4 4.2
0.4 4.32
0.4 4.44
0.4 4.56
0.4 4.68
0.4 4.8
0.4 4.92
0.4 5.04
0.4 5.16
0.4 5.28
0.4 5.4
0.4 5.52
0.4 5.64
0.4 5.76
0.4 5.88
0.4 6
0.4 6.12
0.4 6.24
0.4 6.36
0.4 6.48
0.4 6.6
0.4 6.72
0.4 6.84
0.4 6.96
0.4 7.08
0.4 7.2
0.4 7.32
0.4 7.44
0.4 7.56
0.4 7.68
0.4 7.8
0.4 7.92
0.4 8.04
0.4 8.16
0.4 8.28
0.4 8.4
0.4 8.52
0.4 8.64
0.4 8.76
0.4 8.88
0.4 9
0.4 9.12
0.4 9.24
0.4 9.36
0.4 9.48
0.4 9.6
0.4 9.72
0.4 9.84
0.4 9.96
0.4 10.08
0.4 10.2
0.4 10.32
0.4 10.44
0.4 10.56
0.4 10.68
0.4 10.8
0.4 10.92
0.4 11.04
0.4 11.16
0.4 11.28
0.4 11.4
0.4 11.52
0.4 11.64
0.4 11.76
0.4 11.88
0.6 0
0.6 0.12
0.6 0.24
0.6 0.36
0.6 0.48
0.6 0.6
0.6 0.72
0.6 0.84
0.6 0.96
0.6 1.08
0.6 1.2
0.6 1.32
0.6 1.44
0.6 1.56
0.6 1.68
0.6 1.8
0.6 1.92
0.6 2.04
0.6 2.16
0.6 2.28
0.6 2.4
0.6 2.52
0.6 2.64
0.6 2.76
0.6 2.88
0.6 3
0.6 3.12
0.6 3.24
0.6 3.36
0.6 3.48
0.6 3.6
0.6 3.72
0.6 3.84
0.6 3.96
0.6 4.08
0.6 4.2
0.6 4.32
0.6 4.44
0.6 4.56
0.6 4.68
0.6 4.8
0.6 4.92
0.6 5.04
0.6 5.16
0.6 5.28
0.6 5.4
0.6 5.52
0.6 5.64
0.6 5.76
0.6 5.88
0.6 6
0.6 6.12
0.6 6.24
0.6 6.36
0.6 6.48
0.6 6.6
0.6 6.72
0.6 6.84
0.6 6.96
0.6 7.08
0.6 7.2
0.6 7.32
0.6 7.44
0.6 7.56
0.6 7.68
0.6 7.8
0.6 7.92
0.6 8.04
0.6 8.16
0.6 8.28
0.6 8.4
0.6 8.52
0.6 8.64
0.6 8.76
0.6 8.88
0.6 9
0.6 9.12
0.6 9.24
0.6 9.36
0.6 9.48
0.6 9.6
0.6 9.72
0.6 9.84
0.6 9.96
0.6 10.08
0.6 10.2
0.6 10.32
0.6 10.44
0.6 10.56
0.6 10.68
0.6 10.8
0.6 10.92
0.6 11.04
0.6 11.16
0.6 11.28
0.6 11.4
0.6 11.52
0.6 11.64
0.6 11.76
0.6 11.88
0.8 0
0.8 0.12
0.8 0.24
0.8 0.36
0.8 0.48
0.8 0.6
0.8 0.72
0.8 0.84
0.8 0.96
0.8 1.08
0.8 1.2
0.8 1.32
0.8 1.44
0.8 1.56
0.8 1.68
0.8 1.8
0.8 1.92
0.8 2.04
0.8 2.16
0.8 2.28
0.8 2.4
0.8 2.52
0.8 2.64
0.8 2.76
0.8 2.88
0.8 3
0.8 3.12
0.8 3.24
0.8 3.36
0.8 3.48
0.8 3.6
0.8 3.72
0.8 3.84
0.8 3.96
0.8 4.08
0.8 4.2
0.8 4.32
0.8 4.44
0.8 4.56
0.8 4.68
0.8 4.8
0.8 4.92
0.8 5.04
0.8 5.16
0.8 5.28
0.8 5.4
0.8 5.52
0.8 5.64
0.8 5.76
0.8 5.88
0.8 6
0.8 6.12
0.8 6.24
0.8 6.36
0.8 6.48
0.8 6.6
0.8 6.72
0.8 6.84
0.8 6.96
0.8 7.08
0.8 7.2
0.8 7.32
0.8 7.44
0.8 7.56
0.8 7.68
0.8 7.8
0.8 7.92
0.8 8.04
0.8 8.16
0.8 8.28
0.8 8.4
0.8 8.52
0.8 8.64
0.8 8.76
0.8 8.88
0.8 9
0.8 9.12
0.8 9.24
0.8 9.36
0.8 9.48
0.8 9.6
0.8 9.72
0.8 9.84
0.8 9.96
0.8 10.08
0.8 10.2
0.8 10.32
0.8 10.44
0.8 10.56
0.8 10.68
0.8 10.8
0.8 10.92
0.8 11.04
0.8 11.16
0.8 11.28
0.8 11.4
0.8 11.52
0.8 11.64
0.8 11.76
0.8 11.88
1 0
1 0.12
1 0.24
1 0.36
1 0.48
1 0.6
1 0.72
1 0.84
1 0.96
1 1.08
1 1.2
1 1.32
1 1.44
1 1.56
1 1.68
1 1.8
1 1.92
1 2.04
1 2.16
1 2.28
1 2.4
1 2.52
1 2.64
1 2.76
1 2.88
1 3
1 3.12
1 3.24
1 3.36
1 3.48
1 3.6
1 3.72
1 3.84
1 3.96
1 4.08
1 4.2
1 4.32
1 4.44
1 4.56
1 4.68
1 4.8
1 4.92
1 5.04
1 5.16
1 5.28
1 5.4
1 5.52
1 5.64
1 5.76
1 5.88
1 6
1 6.12
1 6.24
1 6.36
1 6.48
1 6.6
1 6.72
1 6.84
1 6.96
1 7.08
1 7.2
1 7.32
1 7.44
1 7.56
1 7.68
1 7.8
1 7.92
1 8.04
1 8.16
1 8.28
1 8.4
1 8.52
1 8.64
1 8.76
1 8.88
1 9
1 9.12
1 9.24
1 9.36
1 9.48
1 9.6
1 9.72
1 9.84
1 9.96
1 10.08
1 10.2
1 10.32
1 10.44
1 10.56
1 10.68
1 10.8
1 10.92
1 11.04
1 11.16
1 11.28
1 11.4
1 11.52
1 11.64
1 11.76
1 11.88
1.2 0
1.2 0.12
1.2 0.24
1.2 0.36
1.2 0.48
1.2 0.6
1.2 0.72
1.2 0.84
1.2 0.96
1.2 1.08
1.2 1.2
1.2 1.32
1.2 1.44
1.2 1.56
1.2 1.68
1.2 1.8
1.2 1.92
1.2 2.04
1.2 2.16
1.2 2.28
1.2 2.4
1.2 2.52
1.2 2.64
1.2 2.76
1.2 2.88
1.2 3
1.2 3.12
1.2 3.24
1.2 3.36
1.2 3.48
1.2 3.6
1.2 3.72
1.2 3.84
1.2 3.96
1.2 4.08
1.2 4.2
1.2 4.32
1.2 4.44
1.2 4.56
1.2 4.68
1.2 4.8
1.2 4.92
1.2 5.04
1.2 5.16
1.2 5.28
1.2 5.4
1.2 5.52
1.2 5.64
1.2 5.76
1.2 5.88
1.2 6
1.2 6.12
1.2 6.24
1.2 6.36
1.2 6.48
1.2 6.6
1.2 6.72
1.2 6.84
1.2 6.96
1.2 7.08
1.2 7.2
1.2 7.32
1.2 7.44
1.2 7.56
1.2 7.68
1.2 7.8
1.2 7.92
1.2 8.04
1.2 8.16
1.2 8.28
1.2 8.4
1.2 8.52
1.2 8.64
1.2 8.76
1.2 8.88
1.2 9
1.2 9.12
1.2 9.24
1.2 9.36
1.2 9.48
1.2 9.6
1.2 9.72
1.2 9.84
1.2 9.96
1.2 10.08
1.2 10.2
1.2 10.32
1.2 10.44
1.2 10.56
1.2 10.68
1.2 10.8
1.2 10.92
1.2 11.04
1.2 11.16
1.2 11.28
1.2 11.4
1.2 11.52
1.2 11.64
1.2 11.76
1.2 11.88
1.4 0
1.4 0.12
1.4 0.24
1.4 0.36
1.4 0.48
1.4 0.6
1.4 0.72
1.4 0.84
1.4 0.96
1.4 1.08
1.4 1.2
1.4 1.32
1.4 1.44
1.4 1.56
1.4 1.68
1.4 1.8
1.4 1.92
1.4 2.04
1.4 2.16
1.4 2.28
1.4 2.4
1.4 2.52
1.4 2.64
1.4 2.76
1.4 2.88
1.4 3
1.4 3.12
1.4 3.24
1.4 3.36
1.4 3.48
1.4 3.6
1.4 3.72
1.4 3.84
1.4 3.96
1.4 4.08
1.4 4.2
1.4 4.32
1.4 4.44
1.4 4.56
1.4 4.68
1.4 4.8
1.4 4.92
1.4 5.04
1.4 5.16
1.4 5.28
1.4 5.4
1.4 5.52
1.4 5.64
1.4 5.76
1.4 5.88
1.4 6
1.4 6.12
1.4 6.24
1.4 6.36
1.4 6.48
1.4 6.6
1.4 6.72
1.4 6.84
1.4 6.96
1.4 7.08
1.4 7.2
1.4 7.32
1.4 7.44
1.4 7.56
1.4 7.68
1.4 7.8
1.4 7.92
1.4 8.04
1.4 8.16
1.4 8.28
1.4 8.4
1.4 8.52
1.4 8.64
1.4 8.76
1.4 8.88
1.4 9
1.4 9.12
1.4 9.24
1.4 9.36
1.4 9.48
1.4 9.6
1.4 9.72
1.4 9.84
1.4 9.96
1.4 10.08
1.4 10.2
1.4 10.32
1.4 10.44
1.4 10.56
1.4 10.68
1.4 10.8
1.4 10.92
1.4 11.04
1.4 11.16
1.4 11.28
1.4 11.4
1.4 11.52
1.4 11.64
1.4 11.76
1.4 11.88
1.6 0
1.6 0.12
1.6 0.24
1.6 0.36
1.6 0.48
1.6 0.6
1.6 0.72
1.6 0.84
1.6 0.96
1.6 1.08
1.6 1.2
1.6 1.32
1.6 1.44
1.6 1.56
1.6 1.68
1.6 1.8
1.6 1.92
1.6 2.04
1.6 2.16
1.6 2.28
1.6 2.4
1.6 2.52
1.6 2.64
1.6 2.76
1.6 2.88
1.6 3
1.6 3.12
1.6 3.24
1.6 3.36
1.6 3.48
1.6 3.6
1.6 3.72
1.6 3.84
1.6 3.96
1.6 4.08
1.6 4.2
1.6 4.32
1.6 4.44
1.6 4.56
1.6 4.68
1.6 4.8
1.6 4.92
1.6 5.04
1.6 5.16
1.6 5.28
1.6 5.4
1.6 5.52
1.6 5.64
1.6 5.76
1.6 5.88
1.6 6
1.6 6.12
1.6 6.24
1.6 6.36
1.6 6.48
1.6 6.6
1.6 6.72
1.6 6.84
1.6 6.96
1.6 7.08
1.6 7.2
1.6 7.32
1.6 7.44
1.6 7.56
1.6 7.68
1.6 7.8
1.6 7.92
1.6 8.04
1.6 8.16
1.6 8.28
1.6 8.4
1.6 8.52
1.6 8.64
1.6 8.76
1.6 8.88
1.6 9
1.6 9.12
1.6 9.24
1.6 9.36
1.6 9.48
1.6 9.6
1.6 9.72
1.6 9.84
1.6 9.96
1.6 10.08
1.6 10.2
1.6 10.32
1.6 10.44
1.6 10.56
1.6 10.68
1.6 10.8
1.6 10.92
1.6 11.04
1.6 11.16
1.6 11.28
1.6 11.4
1.6 11.52
1.6 11.64
1.6 11.76
1.6 11.88
1.8 0
1.8 0.12
1.8 0.24
1.8 0.36
1.8 0.48
1.8 0.6
1.8 0.72
1.8 0.84
1.8 0.96
1.8 1.08
1.8 1.2
1.8 1.32
1.8 1.44
1.8 1.56
1.8 1.68
1.8 1.8
1.8 1.92
1.8 2.04
1.8 2.16
1.8 2.28
1.8 2.4
1.8 2.52
1.8 2.64
1.8 2.76
1.8 2.88
1.8 3
1.8 3.12
1.8 3.24
1.8 3.36
1.8 3.48
1.8 3.6
1.8 3.72
1.8 3.84
1.8 3.96
1.8 4.08
1.8 4.2
1.8 4.32
1.8 4.44
1.8 4.56
1.8 4.68
1.8 4.8
1.8 4.92
1.8 5.04
1.8 5.16
1.8 5.28
1.8 5.4
1.8 5.52
1.8 5.64
1.8 5.76
1.8 5.88
1.8 6
1.8 6.12
1.8 6.24
1.8 6.36
1.8 6.48
1.8 6.6
1.8 6.72
1.8 6.84
1.8 6.96
1.8 7.08
1.8 7.2
1.8 7.32
1.8 7.44
1.8 7.56
1.8 7.68
1.8 7.8
1.8 7.92
1.8 8.04
1.8 8.16
1.8 8.28
1.8 8.4
1.8 8.52
1.8 8.64
1.8 8.76
1.8 8.88
1.8 9
1.8 9.12
1.8 9.24
1.8 9.36
1.8 9.48
1.8 9.6
1.8 9.72
1.8 9.84
1.8 9.96
1.8 10.08
1.8 10.2
1.8 10.32
1.8 10.44
1.8 10.56
1.8 10.68
1.8 10.8
1.8 10.92
1.8 11.04
1.8 11.16
1.8 11.28
1.8 11.4
1.8 11.52
1.8 11.64
1.8 11.76
1.8 11.88
2 0
2 0.12
2 0.24
2 0.36
2 0.48
2 0.6
2 0.72
2 0.84
2 0.96
2 1.08
2 1.2
2 1.32
2 1.44
2 1.56
2 1.68
2 1.8
2 1.92
2 2.04
2 2.16
2 2.28
2 2.4
2 2.52
2 2.64
2 2.76
2 2.88
2 3
2 3.12
2 3.24
2 3.36
2 3.48
2 3.6
2 3.72
2 3.84
2 3.96
2 4.08
2 4.2
2 4.32
2 4.44
2 4.56
2 4.68
2 4.8
2 4.92
2 5.04
2 5.16
2 5.28
2 5.4
2 5.52
2 5.64
2 5.76
2 5.88
2 6
2 6.12
2 6.24
2 6.36
2 6.48
2 6.6
2 6.72
2 6.84
2 6.96
2 7.08
2 7.2
2 7.32
2 7.44
2 7.56
2 7.68
2 7.8
2 7.92
2 8.04
2 8.16
2 8.28
2 8.4
2 8.52
2 8.64
2 8.76
2 8.88
2 9
2 9.12
2 9.24
2 9.36
2 9.48
2 9.6
2 9.72
2 9.84
2 9.96
2 10.08
2 10.2
2 10.32
2 10.44
2 10.56
2 10.68
2 10.8
2 10.92
2 11.04
2 11.16
2 11.28
2 11.4
2 11.52
2 11.64
2 11.76
2 11.88
2.2 0
2.2 0.12
2.2 0.24
2.2 0.36
2.2 0.48
2.2 0.6
2.2 0.72
2.2 0.84
2.2 0.96
2.2 1.08
2.2 1.2
2.2 1.32
2.2 1.44
2.2 1.56
2.2 1.68
2.2 1.8
2.2 1.92
2.2 2.04
2.2 2.16
2.2 2.28
2.2 2.4
2.2 2.52
2.2 2.64
2.2 2.76
2.2 2.88
2.2 3
2.2 3.12
2.2 3.24
2.2 3.36
2.2 3.48
2.2 3.6
2.2 3.72
2.2 3.84
2.2 3.96
2.2 4.08
2.2 4.2
2.2 4.32
2.2 4.44
2.2 4.56
2.2 4.68
2.2 4.8
2.2 4.92
2.2 5.04
2.2 5.16
2.2 5.28
2.2 5.4
2.2 5.52
2.2 5.64
2.2 5.76
2.2 5.88
2.2 6
2.2 6.12
2.2 6.24
2.2 6.36
2.2 6.48
2.2 6.6
2.2 6.72
2.2 6.84
2.2 6.96
2.2 7.08
2.2 7.2
2.2 7.32
2.2 7.44
2.2 7.56
2.2 7.68
2.2 7.8
2.2 7.92
2.2 8.04
2.2 8.16
2.2 8.28
2.2 8.4
2.2 8.52
2.2 8.64
2.2 8.76
2.2 8.88
2.2 9
2.2 9.12
2.2 9.24
2.2 9.36
2.2 9.48
2.2 9.6
2.2 9.72
2.2 9.84
2.2 9.96
2.2 10.08
2.2 10.2
2.2 10.32
2.2 10.44
2.2 10.56
2.2 10.68
2.2 10.8
2.2 10.92
2.2 11.04
2.2 11.16
2.2 11.28
2.2 11.4
2.2 11.52
2.2 11.64
2.2 11.76
2.2 11.88
2.4 0
2.4 0.12
2.4 0.24
2.4 0.36
2.4 0.48
2.4 0.6
2.4 0.72
2.4 0.84
2.4 0.96
2.4 1.08
2.4 1.2
2.4 1.32
2.4 1.44
2.4 1.56
2.4 1.68
2.4 1.8
2.4 1.92
2.4 2.04
2.4 2.16
2.4 2.28
2.4 2.4
2.4 2.52
2.4 2.64
2.4 2.76
2.4 2.88
2.4 3
2.4 3.12
2.4 3.24
2.4 3.36
2.4 3.48
2.4 3.6
2.4 3.72
2.4 3.84
2.4 3.96
2.4 4.08
2.4 4.2
2.4 4.32
2.4 4.44
2.4 4.56
2.4 4.68
2.4 4.8
2.4 4.92
2.4 5.04
2.4 5.16
2.4 5.28
2.4 5.4
2.4 5.52
2.4 5.64
2.4 5.76
2.4 5.88
2.4 6
2.4 6.12
2.4 6.24
2.4 6.36
2.4 6.48
2.4 6.6
2.4 6.72
2.4 6.84
2.4 6.96
2.4 7.08
2.4 7.2
2.4 7.32
2.4 7.44
2.4 7.56
2.4 7.68
2.4 7.8
2.4 7.92
2.4 8.04
2.4 8.16
2.4 8.28
2.4 8.4
2.4 8.52
2.4 8.64
2.4 8.76
2.4 8.88
2.4 9
2.4 9.12
2.4 9.24
2.4 9.36
2.4 9.48
2.4 9.6
2.4 9.72
2.4 9.84
2.4 9.96
2.4 10.08
2.4 10.2
2.4 10.32
2.4 10.44
2.4 10.56
2.4 10.68
2.4 10.8
2.4 10.92
2.4 11.04
2.4 11.16
2.4 11.28
2.4 11.4
2.4 11.52
2.4 11.64
2.4 11.76
2.4 11.88
2.6 0
2.6 0.12
2.6 0.24
2.6 0.36
2.6 0.48
2.6 0.6
2.6 0.72
2.6 0.84
2.6 0.96
2.6 1.08
2.6 1.2
2.6 1.32
2.6 1.44
2.6 1.56
2.6 1.68
2.6 1.8
2.6 1.92
2.6 2.04
2.6 2.16
2.6 2.28
2.6 2.4
2.6 2.52
2.6 2.64
2.6 2.76
2.6 2.88
2.6 3
2.6 3.12
2.6 3.24
2.6 3.36
2.6 3.48
2.6 3.6
2.6 3.72
2.6 3.84
2.6 3.96
2.6 4.08
2.6 4.2
2.6 4.32
2.6 4.44
2.6 4.56
2.6 4.68
2.6 4.8
2.6 4.92
2.6 5.04
2.6 5.16
2.6 5.28
2.6 5.4
2.6 5.52
2.6 5.64
2.6 5.76
2.6 5.88
2.6 6
2.6 6.12
2.6 6.24
2.6 6.36
2.6 6.48
2.6 6.6
2.6 6.72
2.6 6.84
2.6 6.96
2.6 7.08
2.6 7.2
2.6 7.32
2.6 7.44
2.6 7.56
2.6 7.68
2.6 7.8
2.6 7.92
2.6 8.04
2.6 8.16
2.6 8.28
2.6 8.4
2.6 8.52
2.6 8.64
2.6 8.76
2.6 8.88
2.6 9
2.6 9.12
2.6 9.24
2.6 9.36
2.6 9.48
2.6 9.6
2.6 9.72
2.6 9.84
2.6 9.96
2.6 10.08
2.6 10.2
2.6 10.32
2.6 10.44
2.6 10.56
2.6 10.68
2.6 10.8
2.6 10.92
2.6 11.04
2.6 11.16
2.6 11.28
2.6 11.4
2.6 11.52
2.6 11.64
2.6 11.76
2.6 11.88
2.8 0
2.8 0.12
2.8 0.24
2.8 0.36
2.8 0.48
2.8 0.6
2.8 0.72
2.8 0.84
2.8 0.96
2.8 1.08
2.8 1.2
2.8 1.32
2.8 1.44
2.8 1.56
2.8 1.68
2.8 1.8
2.8 1.92
2.8 2.04
2.8 2.16
2.8 2.28
2.8 2.4
2.8 2.52
2.8 2.64
2.8 2.76
2.8 2.88
2.8 3
2.8 3.12
2.8 3.24
2.8 3.36
2.8 3.48
2.8 3.6
2.8 3.72
2.8 3.84
2.8 3.96
2.8 4.08
2.8 4.2
2.8 4.32
2.8 4.44
2.8 4.56
2.8 4.68
2.8 4.8
2.8 4.92
2.8 5.04
2.8 5.16
2.8 5.28
2.8 5.4
2.8 5.52
2.8 5.64
2.8 5.76
2.8 5.88
2.8 6
2.8 6.12
2.8 6.24
2.8 6.36
2.8 6.48
2.8 6.6
2.8 6.72
2.8 6.84
2.8 6.96
2.8 7.08
2.8 7.2
2.8 7.32
2.8 7.44
2.8 7.56
2.8 7.68
2.8 7.8
2.8 7.92
2.8 8.04
2.8 8.16
2.8 8.28
2.8 8.4
2.8 8.52
2.8 8.64
2.8 8.76
2.8 8.88
2.8 9
2.8 9.12
2.8 9.24
2.8 9.36
2.8 9.48
2.8 9.6
2.8 9.72
2.8 9.84
2.8 9.96
2.8 10.08
2.8 10.2
2.8 10.32
2.8 10.44
2.8 10.56
2.8 10.68
2.8 10.8
2.8 10.92
2.8 11.04
2.8 11.16
2.8 11.28
2.8 11.4
2.8 11.52
2.8 11.64
2.8 11.76
2.8 11.88
3 0
3 0.12
3 0.24
3 0.36
3 0.48
3 0.6
3 0.72
3 0.84
3 0.96
3 1.08
3 1.2
3 1.32
3 1.44
3 1.56
3 1.68
3 1.8
3 1.92
3 2.04
3 2.16
3 2.28
3 2.4
3 2.52
3 2.64
3 2.76
3 2.88
3 3
3 3.12
3 3.24
3 3.36
3 3.48
3 3.6
3 3.72
3 3.84
3 3.96
3 4.08
3 4.2
3 4.32
3 4.44
3 4.56
3 4.68
3 4.8
3 4.92
3 5.04
3 5.16
3 5.28
3 5.4
3 5.52
3 5.64
3 5.76
3 5.88
3 6
3 6.12
3 6.24
3 6.36
3 6.48
3 6.6
3 6.72
3 6.84
3 6.96
3 7.08
3 7.2
3 7.32
3 7.44
3 7.56
3 7.68
3 7.8
3 7.92
3 8.04
3 8.16
3 8.28
3 8.4
3 8.52
3 8.64
3 8.76
3 8.88
3 9
3 9.12
3 9.24
3 9.36
3 9.48
3 9.6
3 9.72
3 9.84
3 9.96
3 10.08
3 10.2
3 10.32
3 10.44
3 10.56
3 10.68
3 10.8
3 10.92
3 11.04
3 11.16
3 11.28
3 11.4
3 11.52
3 11.64
3 11.76
3 11.88
3.2 0
3.2 0.12
3.2 0.24
3.2 0.36
3.2 0.48
3.2 0.6
3.2 0.72
3.2 0.84
3.2 0.96
3.2 1.08
3.2 1.2
3.2 1.32
3.2 1.44
3.2 1.56
3.2 1.68
3.2 1.8
3.2 1.92
3.2 2.04
3.2 2.16
3.2 2.28
3.2 2.4
3.2 2.52
3.2 2.64
3.2 2.76
3.2 2.88
3.2 3
3.2 3.12
3.2 3.24
3.2 3.36
3.2 3.48
3.2 3.6
3.2 3.72
3.2 3.84
3.2 3.96
3.2 4.08
3.2 4.2
3.2 4.32
3.2 4.44
3.2 4.56
3.2 4.68
3.2 4.8
3.2 4.92
3.2 5.04
3.2 5.16
3.2 5.28
3.2 5.4
3.2 5.52
3.2 5.64
3.2 5.76
3.2 5.88
3.2 6
3.2 6.12
3.2 6.24
3.2 6.36
3.2 6.48
3.2 6.6
3.2 6.72
3.2 6.84
3.2 6.96
3.2 7.08
3.2 7.2
3.2 7.32
3.2 7.44
3.2 7.56
3.2 7.68
3.2 7.8
3.2 7.92
3.2 8.04
3.2 8.16
3.2 8.28
3.2 8.4
3.2 8.52
3.2 8.64
3.2 8.76
3.2 8.88
3.2 9
3.2 9.12
3.2 9.24
3.2 9.36
3.2 9.48
3.2 9.6
3.2 9.72
3.2 9.84
3.2 9.96
3.2 10.08
3.2 10.2
3.2 10.32
3.2 10.44
3.2 10.56
3.2 10.68
3.2 10.8
3.2 10.92
3.2 11.04
3.2 11.16
3.2 11.28
3.2 11.4
3.2 11.52
3.2 11.64
3.2 11.76
3.2 11.88
3.4 0
3.4 0.12
3.4 0.24
3.4 0.36
3.4 0.48
3.4 0.6
3.4 0.72
3.4 0.84
3.4 0.96
3.4 1.08
3.4 1.2
3.4 1.32
3.4 1.44
3.4 1.56
3.4 1.68
3.4 1.8
3.4 1.92
3.4 2.04
3.4 2.16
3.4 2.28
3.4 2.4
3.4 2.52
3.4 2.64
3.4 2.76
3.4 2.88
3.4 3
3.4 3.12
3.4 3.24
3.4 3.36
3.4 3.48
3.4 3.6
3.4 3.72
3.4 3.84
3.4 3.96
3.4 4.08
3.4 4.2
3.4 4.32
3.4 4.44
3.4 4.56
3.4 4.68
3.4 4.8
3.4 4.92
3.4 5.04
3.4 5.16
3.4 5.28
3.4 5.4
3.4 5.52
3.4 5.64
3.4 5.76
3.4 5.88
3.4 6
3.4 6.12
3.4 6.24
3.4 6.36
3.4 6.48
3.4 6.6
3.4 6.72
3.4 6.84
3.4 6.96
3.4 7.08
3.4 7.2
3.4 7.32
3.4 7.44
3.4 7.56
3.4 7.68
3.4 7.8
3.4 7.92
3.4 8.04
3.4 8.16
3.4 8.28
3.4 8.4
3.4 8.52
3.4 8.64
3.4 8.76
3.4 8.88
3.4 9
3.4 9.12
3.4 9.24
3.4 9.36
3.4 9.48
3.4 9.6
3.4 9.72
3.4 9.84
3.4 9.96
3.4 10.08
3.4 10.2
3.4 10.32
3.4 10.44
3.4 10.56
3.4 10.68
3.4 10.8
3.4 10.92
3.4 11.04
3.4 11.16
3.4 11.28
3.4 11.4
3.4 11.52
3.4 11.64
3.4 11.76
3.4 11.88
3.6 0
3.6 0.12
3.6 0.24
3.6 0.36
3.6 0.48
3.6 0.6
3.6 0.72
3.6 0.84
3.6 0.96
3.6 1.08
3.6 1.2
3.6 1.32
3.6 1.44
3.6 1.56
3.6 1.68
3.6 1.8
3.6 1.92
3.6 2.04
3.6 2.16
3.6 2.28
3.6 2.4
3.6 2.52
3.6 2.64
3.6 2.76
3.6 2.88
3.6 3
3.6 3.12
3.6 3.24
3.6 3.36
3.6 3.48
3.6 3.6
3.6 3.72
3.6 3.84
3.6 3.96
3.6 4.08
3.6 4.2
3.6 4.32
3.6 4.44
3.6 4.56
3.6 4.68
3.6 4.8
3.6 4.92
3.6 5.04
3.6 5.16
3.6 5.28
3.6 5.4
3.6 5.52
3.6 5.64
3.6 5.76
3.6 5.88
3.6 6
3.6 6.12
3.6 6.24
3.6 6.36
3.6 6.48
3.6 6.6
3.6 6.72
3.6 6.84
3.6 6.96
3.6 7.08
3.6 7.2
3.6 7.32
3.6 7.44
3.6 7.56
3.6 7.68
3.6 7.8
3.6 7.92
3.6 8.04
3.6 8.16
3.6 8.28
3.6 8.4
3.6 8.52
3.6 8.64
3.6 8.76
3.6 8.88
3.6 9
3.6 9.12
3.6 9.24
3.6 9.36
3.6 9.48
3.6 9.6
3.6 9.72
3.6 9.84
3.6 9.96
3.6 10.08
3.6 10.2
3.6 10.32
3.6 10.44
3.6 10.56
3.6 10.68
3.6 10.8
3.6 10.92
3.6 11.04
3.6 11.16
3.6 11.28
3.6 11.4
3.6 11.52
3.6 11.64
3.6 11.76
3.6 11.88
3.8 0
3.8 0.12
3.8 0.24
3.8 0.36
3.8 0.48
3.8 0.6
3.8 0.72
3.8 0.84
3.8 0.96
3.8 1.08
3.8 1.2
3.8 1.32
3.8 1.44
3.8 1.56
3.8 1.68
3.8 1.8
3.8 1.92
3.8 2.04
3.8 2.16
3.8 2.28
3.8 2.4
3.8 2.52
3.8 2.64
3.8 2.76
3.8 2.88
3.8 3
3.8 3.12
3.8 3.24
3.8 3.36
3.8 3.48
3.8 3.6
3.8 3.72
3.8 3.84
3.8 3.96
3.8 4.08
3.8 4.2
3.8 4.32
3.8 4.44
3.8 4.56
3.8 4.68
3.8 4.8
3.8 4.92
3.8 5.04
3.8 5.16
3.8 5.28
3.8 5.4
3.8 5.52
3.8 5.64
3.8 5.76
3.8 5.88
3.8 6
3.8 6.12
3.8 6.24
3.8 6.36
3.8 6.48
3.8 6.6
3.8 6.72
3.8 6.84
3.8 6.96
3.8 7.08
3.8 7.2
3.8 7.32
3.8 7.44
3.8 7.56
3.8 7.68
3.8 7.8
3.8 7.92
3.8 8.04
3.8 8.16
3.8 8.28
3.8 8.4
3.8 8.52
3.8 8.64
3.8 8.76
3.8 8.88
3.8 9
3.8 9.12
3.8 9.24
3.8 9.36
3.8 9.48
3.8 9.6
3.8 9.72
3.8 9.84
3.8 9.96
3.8 10.08
3.8 10.2
3.8 10.32
3.8 10.44
3.8 10.56
3.8 10.68
3.8 10.8
3.8 10.92
3.8 11.04
3.8 11.16
3.8 11.28
3.8 11.4
3.8 11.52
3.8 11.64
3.8 11.76
3.8 11.88
4 0
4 0.12
4 0.24
4 0.36
4 0.48
4 0.6
4 0.72
4 0.84
4 0.96
4 1.08
4 1.2
4 1.32
4 1.44
4 1.56
4 1.68
4 1.8
4 1.92
4 2.04
4 2.16
4 2.28
4 2.4
4 2.52
4 2.64
4 2.76
4 2.88
4 3
4 3.12
4 3.24
4 3.36
4 3.48
4 3.6
4 3.72
4 3.84
4 3.96
4 4.08
4 4.2
4 4.32
4 4.44
4 4.56
4 4.68
4 4.8
4 4.92
4 5.04
4 5.16
4 5.28
4 5.4
4 5.52
4 5.64
4 5.76
4 5.88
4 6
4 6.12
4 6.24
4 6.36
4 6.48
4 6.6
4 6.72
4 6.84
4 6.96
4 7.08
4 7.2
4 7.32
4 7.44
4 7.56
4 7.68
4 7.8
4 7.92
4 8.04
4 8.16
4 8.28
4 8.4
4 8.52
4 8.64
4 8.76
4 8.88
4 9
4 9.12
4 9.24
4 9.36
4 9.48
4 9.6
4 9.72
4 9.84
4 9.96
4 10.08
4 10.2
4 10.32
4 10.44
4 10.56
4 10.68
4 10.8
4 10.92
4 11.04
4 11.16
4 11.28
4 11.4
4 11.52
4 11.64
4 11.76
4 11.88
4.2 0
4.2 0.12
4.2 0.24
4.2 0.36
4.2 0.48
4.2 0.6
4.2 0.72
4.2 0.84
4.2 0.96
4.2 1.08
4.2 1.2
4.2 1.32
4.2 1.44
4.2 1.56
4.2 1.68
4.2 1.8
4.2 1.92
4.2 2.04
4.2 2.16
4.2 2.28
4.2 2.4
4.2 2.52
4.2 2.64
4.2 2.76
4.2 2.88
4.2 3
4.2 3.12
4.2 3.24
4.2 3.36
4.2 3.48
4.2 3.6
4.2 3.72
4.2 3.84
4.2 3.96
4.2 4.08
4.2 4.2
4.2 4.32
4.2 4.44
4.2 4.56
4.2 4.68
4.2 4.8
4.2 4.92
4.2 5.04
4.2 5.16
4.2 5.28
4.2 5.4
4.2 5.52
4.2 5.64
4.2 5.76
4.2 5.88
4.2 6
4.2 6.12
4.2 6.24
4.2 6.36
4.2 6.48
4.2 6.6
4.2 6.72
4.2 6.84
4.2 6.96
4.2 7.08
4.2 7.2
4.2 7.32
4.2 7.44
4.2 7.56
4.2 7.68
4.2 7.8
4.2 7.92
4.2 8.04
4.2 8.16
4.2 8.28
4.2 8.4
4.2 8.52
4.2 8.64
4.2 8.76
4.2 8.88
4.2 9
4.2 9.12
4.2 9.24
4.2 9.36
4.2 9.48
4.2 9.6
4.2 9.72
4.2 9.84
4.2 9.96
4.2 10.08
4.2 10.2
4.2 10.32
4.2 10.44
4.2 10.56
4.2 10.68
4.2 10.8
4.2 10.92
4.2 11.04
4.2 11.16
4.2 11.28
4.2 11.4
4.2 11.52
4.2 11.64
4.2 11.76
4.2 11.88
4.4 0
4.4 0.12
4.4 0.24
4.4 0.36
4.4 0.48
4.4 0.6
4.4 0.72
4.4 0.84
4.4 0.96
4.4 1.08
4.4 1.2
4.4 1.32
4.4 1.44
4.4 1.56
4.4 1.68
4.4 1.8
4.4 1.92
4.4 2.04
4.4 2.16
4.4 2.28
4.4 2.4
4.4 2.52
4.4 2.64
4.4 2.76
4.4 2.88
4.4 3
4.4 3.12
4.4 3.24
4.4 3.36
4.4 3.48
4.4 3.6
4.4 3.72
4.4 3.84
4.4 3.96
4.4 4.08
4.4 4.2
4.4 4.32
4.4 4.44
4.4 4.56
4.4 4.68
4.4 4.8
4.4 4.92
4.4 5.04
4.4 5.16
4.4 5.28
4.4 5.4
4.4 5.52
4.4 5.64
4.4 5.76
4.4 5.88
4.4 6
4.4 6.12
4.4 6.24
4.4 6.36
4.4 6.48
4.4 6.6
4.4 6.72
4.4 6.84
4.4 6.96
4.4 7.08
4.4 7.2
4.4 7.32
4.4 7.44
4.4 7.56
4.4 7.68
4.4 7.8
4.4 7.92
4.4 8.04
4.4 8.16
4.4 8.28
4.4 8.4
4.4 8.52
4.4 8.64
4.4 8.76
4.4 8.88
4.4 9
4.4 9.12
4.4 9.24
4.4 9.36
4.4 9.48
4.4 9.6
4.4 9.72
4.4 9.84
4.4 9.96
4.4 10.08
4.4 10.2
4.4 10.32
4.4 10.44
4.4 10.56
4.4 10.68
4.4 10.8
4.4 10.92
4.4 11.04
4.4 11.16
4.4 11.28
4.4 11.4
4.4 11.52
4.4 11.64
4.4 11.76
4.4 11.88
4.6 0
4.6 0.12
4.6 0.24
4.6 0.36
4.6 0.48
4.6 0.6
4.6 0.72
4.6 0.84
4.6 0.96
4.6 1.08
4.6 1.2
4.6 1.32
4.6 1.44
4.6 1.56
4.6 1.68
4.6 1.8
4.6 1.92
4.6 2.04
4.6 2.16
4.6 2.28
4.6 2.4
4.6 2.52
4.6 2.64
4.6 2.76
4.6 2.88
4.6 3
4.6 3.12
4.6 3.24
4.6 3.36
4.6 3.48
4.6 3.6
4.6 3.72
4.6 3.84
4.6 3.96
4.6 4.08
4.6 4.2
4.6 4.32
4.6 4.44
4.6 4.56
4.6 4.68
4.6 4.8
4.6 4.92
4.6 5.04
4.6 5.16
4.6 5.28
4.6 5.4
4.6 5.52
4.6 5.64
4.6 5.76
4.6 5.88
4.6 6
4.6 6.12
4.6 6.24
4.6 6.36
4.6 6.48
4.6 6.6
4.6 6.72
4.6 6.84
4.6 6.96
4.6 7.08
4.6 7.2
4.6 7.32
4.6 7.44
4.6 7.56
4.6 7.68
4.6 7.8
4.6 7.92
4.6 8.04
4.6 8.16
4.6 8.28
4.6 8.4
4.6 8.52
4.6 8.64
4.6 8.76
4.6 8.88
4.6 9
4.6 9.12
4.6 9.24
4.6 9.36
4.6 9.48
4.6 9.6
4.6 9.72
4.6 9.84
4.6 9.96
4.6 10.08
4.6 10.2
4.6 10.32
4.6 10.44
4.6 10.56
4.6 10.68
4.6 10.8
4.6 10.92
4.6 11.04
4.6 11.16
4.6 11.28
4.6 11.4
4.6 11.52
4.6 11.64
4.6 11.76
4.6 11.88
4.8 0
4.8 0.12
4.8 0.24
4.8 0.36
4.8 0.48
4.8 0.6
4.8 0.72
4.8 0.84
4.8 0.96
4.8 1.08
4.8 1.2
4.8 1.32
4.8 1.44
4.8 1.56
4.8 1.68
4.8 1.8
4.8 1.92
4.8 2.04
4.8 2.16
4.8 2.28
4.8 2.4
4.8 2.52
4.8 2.64
4.8 2.76
4.8 2.88
4.8 3
4.8 3.12
4.8 3.24
4.8 3.36
4.8 3.48
4.8 3.6
4.8 3.72
4.8 3.84
4.8 3.96
4.8 4.08
4.8 4.2
4.8 4.32
4.8 4.44
4.8 4.56
4.8 4.68
4.8 4.8
4.8 4.92
4.8 5.04
4.8 5.16
4.8 5.28
4.8 5.4
4.8 5.52
4.8 5.64
4.8 5.76
4.8 5.88
4.8 6
4.8 6.12
4.8 6.24
4.8 6.36
4.8 6.48
4.8 6.6
4.8 6.72
4.8 6.84
4.8 6.96
4.8 7.08
4.8 7.2
4.8 7.32
4.8 7.44
4.8 7.56
4.8 7.68
4.8 7.8
4.8 7.92
4.8 8.04
4.8 8.16
4.8 8.28
4.8 8.4
4.8 8.52
4.8 8.64
4.8 8.76
4.8 8.88
4.8 9
4.8 9.12
4.8 9.24
4.8 9.36
4.8 9.48
4.8 9.6
4.8 9.72
4.8 9.84
4.8 9.96
4.8 10.08
4.8 10.2
4.8 10.32
4.8 10.44
4.8 10.56
4.8 10.68
4.8 10.8
4.8 10.92
4.8 11.04
4.8 11.16
4.8 11.28
4.8 11.4
4.8 11.52
4.8 11.64
4.8 11.76
4.8 11.88
5 0
5 0.12
5 0.24
5 0.36
5 0.48
5 0.6
5 0.72
5 0.84
5 0.96
5 1.08
5 1.2
5 1.32
5 1.44
5 1.56
5 1.68
5 1.8
5 1.92
5 2.04
5 2.16
5 2.28
5 2.4
5 2.52
5 2.64
5 2.76
5 2.88
5 3
5 3.12
5 3.24
5 3.36
5 3.48
5 3.6
5 3.72
5 3.84
5 3.96
5 4.08
5 4.2
5 4.32
5 4.44
5 4.56
5 4.68
5 4.8
5 4.92
5 5.04
5 5.16
5 5.28
5 5.4
5 5.52
5 5.64
5 5.76
5 5.88
5 6
5 6.12
5 6.24
5 6.36
5 6.48
5 6.6
5 6.72
5 6.84
5 6.96
5 7.08
5 7.2
5 7.32
5 7.44
5 7.56
5 7.68
5 7.8
5 7.92
5 8.04
5 8.16
5 8.28
5 8.4
5 8.52
5 8.64
5 8.76
5 8.88
5 9
5 9.12
5 9.24
5 9.36
5 9.48
5 9.6
5 9.72
5 9.84
5 9.96
5 10.08
5 10.2
5 10.32
5 10.44
5 10.56
5 10.68
5 10.8
5 10.92
5 11.04
5 11.16
5 11.28
5 11.4
5 11.52
5 11.64
5 11.76
5 11.88
5.2 0
5.2 0.12
5.2 0.24
5.2 0.36
5.2 0.48
5.2 0.6
5.2 0.72
5.2 0.84
5.2 0.96
5.2 1.08
5.2 1.2
5.2 1.32
5.2 1.44
5.2 1.56
5.2 1.68
5.2 1.8
5.2 1.92
5.2 2.04
5.2 2.16
5.2 2.28
5.2 2.4
5.2 2.52
5.2 2.64
5.2 2.76
5.2 2.88
5.2 3
5.2 3.12
5.2 3.24
5.2 3.36
5.2 3.48
5.2 3.6
5.2 3.72
5.2 3.84
5.2 3.96
5.2 4.08
5.2 4.2
5.2 4.32
5.2 4.44
5.2 4.56
5.2 4.68
5.2 4.8
5.2 4.92
5.2 5.04
5.2 5.16
5.2 5.28
5.2 5.4
5.2 5.52
5.2 5.64
5.2 5.76
5.2 5.88
5.2 6
5.2 6.12
5.2 6.24
5.2 6.36
5.2 6.48
5.2 6.6
5.2 6.72
5.2 6.84
5.2 6.96
5.2 7.08
5.2 7.2
5.2 7.32
5.2 7.44
5.2 7.56
5.2 7.68
5.2 7.8
5.2 7.92
5.2 8.04
5.2 8.16
5.2 8.28
5.2 8.4
5.2 8.52
5.2 8.64
5.2 8.76
5.2 8.88
5.2 9
5.2 9.12
5.2 9.24
5.2 9.36
5.2 9.48
5.2 9.6
5.2 9.72
5.2 9.84
5.2 9.96
5.2 10.08
5.2 10.2
5.2 10.32
5.2 10.44
5.2 10.56
5.2 10.68
5.2 10.8
5.2 10.92
5.2 11.04
5.2 11.16
5.2 11.28
5.2 11.4
5.2 11.52
5.2 11.64
5.2 11.76
5.2 11.88
5.4 0
5.4 0.12
5.4 0.24
5.4 0.36
5.4 0.48
5.4 0.6
5.4 0.72
5.4 0.84
5.4 0.96
5.4 1.08
5.4 1.2
5.4 1.32
5.4 1.44
5.4 1.56
5.4 1.68
5.4 1.8
5.4 1.92
5.4 2.04
5.4 2.16
5.4 2.28
5.4 2.4
5.4 2.52
5.4 2.64
5.4 2.76
5.4 2.88
5.4 3
5.4 3.12
5.4 3.24
5.4 3.36
5.4 3.48
5.4 3.6
5.4 3.72
5.4 3.84
5.4 3.96
5.4 4.08
5.4 4.2
5.4 4.32
5.4 4.44
5.4 4.56
5.4 4.68
5.4 4.8
5.4 4.92
5.4 5.04
5.4 5.16
5.4 5.28
5.4 5.4
5.4 5.52
5.4 5.64
5.4 5.76
5.4 5.88
5.4 6
5.4 6.12
5.4 6.24
5.4 6.36
5.4 6.48
5.4 6.6
5.4 6.72
5.4 6.84
5.4 6.96
5.4 7.08
5.4 7.2
5.4 7.32
5.4 7.44
5.4 7.56
5.4 7.68
5.4 7.8
5.4 7.92
5.4 8.04
5.4 8.16
5.4 8.28
5.4 8.4
5.4 8.52
5.4 8.64
5.4 8.76
5.4 8.88
5.4 9
5.4 9.12
5.4 9.24
5.4 9.36
5.4 9.48
5.4 9.6
5.4 9.72
5.4 9.84
5.4 9.96
5.4 10.08
5.4 10.2
5.4 10.32
5.4 10.44
5.4 10.56
5.4 10.68
5.4 10.8
5.4 10.92
5.4 11.04
5.4 11.16
5.4 11.28
5.4 11.4
5.4 11.52
5.4 11.64
5.4 11.76
5.4 11.88
5.6 0
5.6 0.12
5.6 0.24
5.6 0.36
5.6 0.48
5.6 0.6
5.6 0.72
5.6 0.84
5.6 0.96
5.6 1.08
5.6 1.2
5.6 1.32
5.6 1.44
5.6 1.56
5.6 1.68
5.6 1.8
5.6 1.92
5.6 2.04
5.6 2.16
5.6 2.28
5.6 2.4
5.6 2.52
5.6 2.64
5.6 2.76
5.6 2.88
5.6 3
5.6 3.12
5.6 3.24
5.6 3.36
5.6 3.48
5.6 3.6
5.6 3.72
5.6 3.84
5.6 3.96
5.6 4.08
5.6 4.2
5.6 4.32
5.6 4.44
5.6 4.56
5.6 4.68
5.6 4.8
5.6 4.92
5.6 5.04
5.6 5.16
5.6 5.28
5.6 5.4
5.6 5.52
5.6 5.64
5.6 5.76
5.6 5.88
5.6 6
5.6 6.12
5.6 6.24
5.6 6.36
5.6 6.48
5.6 6.6
5.6 6.72
5.6 6.84
5.6 6.96
5.6 7.08
5.6 7.2
5.6 7.32
5.6 7.44
5.6 7.56
5.6 7.68
5.6 7.8
5.6 7.92
5.6 8.04
5.6 8.16
5.6 8.28
5.6 8.4
5.6 8.52
5.6 8.64
5.6 8.76
5.6 8.88
5.6 9
5.6 9.12
5.6 9.24
5.6 9.36
5.6 9.48
5.6 9.6
5.6 9.72
5.6 9.84
5.6 9.96
5.6 10.08
5.6 10.2
5.6 10.32
5.6 10.44
5.6 10.56
5.6 10.68
5.6 10.8
5.6 10.92
5.6 11.04
5.6 11.16
5.6 11.28
5.6 11.4
5.6 11.52
5.6 11.64
5.6 11.76
5.6 11.88
5.8 0
5.8 0.12
5.8 0.24
5.8 0.36
5.8 0.48
5.8 0.6
5.8 0.72
5.8 0.84
5.8 0.96
5.8 1.08
5.8 1.2
5.8 1.32
5.8 1.44
5.8 1.56
5.8 1.68
5.8 1.8
5.8 1.92
5.8 2.04
5.8 2.16
5.8 2.28
5.8 2.4
5.8 2.52
5.8 2.64
5.8 2.76
5.8 2.88
5.8 3
5.8 3.12
5.8 3.24
5.8 3.36
5.8 3.48
5.8 3.6
5.8 3.72
5.8 3.84
5.8 3.96
5.8 4.08
5.8 4.2
5.8 4.32
5.8 4.44
5.8 4.56
5.8 4.68
5.8 4.8
5.8 4.92
5.8 5.04
5.8 5.16
5.8 5.28
5.8 5.4
5.8 5.52
5.8 5.64
5.8 5.76
5.8 5.88
5.8 6
5.8 6.12
5.8 6.24
5.8 6.36
5.8 6.48
5.8 6.6
5.8 6.72
5.8 6.84
5.8 6.96
5.8 7.08
5.8 7.2
5.8 7.32
5.8 7.44
5.8 7.56
5.8 7.68
5.8 7.8
5.8 7.92
5.8 8.04
5.8 8.16
5.8 8.28
5.8 8.4
5.8 8.52
5.8 8.64
5.8 8.76
5.8 8.88
5.8 9
5.8 9.12
5.8 9.24
5.8 9.36
5.8 9.48
5.8 9.6
5.8 9.72
5.8 9.84
5.8 9.96
5.8 10.08
5.8 10.2
5.8 10.32
5.8 10.44
5.8 10.56
5.8 10.68
5.8 10.8
5.8 10.92
5.8 11.04
5.8 11.16
5.8 11.28
5.8 11.4
5.8 11.52
5.8 11.64
5.8 11.76
5.8 11.88
6 0
6 0.12
6 0.24
6 0.36
6 0.48
6 0.6
6 0.72
6 0.84
6 0.96
6 1.08
6 1.2
6 1.32
6 1.44
6 1.56
6 1.68
6 1.8
6 1.92
6 2.04
6 2.16
6 2.28
6 2.4
6 2.52
6 2.64
6 2.76
6 2.88
6 3
6 3.12
6 3.24
6 3.36
6 3.48
6 3.6
6 3.72
6 3.84
6 3.96
6 4.08
6 4.2
6 4.32
6 4.44
6 4.56
6 4.68
6 4.8
6 4.92
6 5.04
6 5.16
6 5.28
6 5.4
6 5.52
6 5.64
6 5.76
6 5.88
6 6
6 6.12
6 6.24
6 6.36
6 6.48
6 6.6
6 6.72
6 6.84
6 6.96
6 7.08
6 7.2
6 7.32
6 7.44
6 7.56
6 7.68
6 7.8
6 7.92
6 8.04
6 8.16
6 8.28
6 8.4
6 8.52
6 8.64
6 8.76
6 8.88
6 9
6 9.12
6 9.24
6 9.36
6 9.48
6 9.6
6 9.72
6 9.84
6 9.96
6 10.08
6 10.2
6 10.32
6 10.44
6 10.56
6 10.68
6 10.8
6 10.92
6 11.04
6 11.16
6 11.28
6 11.4
6 11.52
6 11.64
6 11.76
6 11.88
6.2 0
6.2 0.12
6.2 0.24
6.2 0.36
6.2 0.48
6.2 0.6
6.2 0.72
6.2 0.84
6.2 0.96
6.2 1.08
6.2 1.2
6.2 1.32
6.2 1.44
6.2 1.56
6.2 1.68
6.2 1.8
6.2 1.92
6.2 2.04
6.2 2.16
6.2 2.28
6.2 2.4
6.2 2.52
6.2 2.64
6.2 2.76
6.2 2.88
6.2 3
6.2 3.12
6.2 3.24
6.2 3.36
6.2 3.48
6.2 3.6
6.2 3.72
6.2 3.84
6.2 3.96
6.2 4.08
6.2 4.2
6.2 4.32
6.2 4.44
6.2 4.56
6.2 4.68
6.2 4.8
6.2 4.92
6.2 5.04
6.2 5.16
6.2 5.28
6.2 5.4
6.2 5.52
6.2 5.64
6.2 5.76
6.2 5.88
6.2 6
6.2 6.12
6.2 6.24
6.2 6.36
6.2 6.48
6.2 6.6
6.2 6.72
6.2 6.84
6.2 6.96
6.2 7.08
6.2 7.2
6.2 7.32
6.2 7.44
6.2 7.56
6.2 7.68
6.2 7.8
6.2 7.92
6.2 8.04
6.2 8.16
6.2 8.28
6.2 8.4
6.2 8.52
6.2 8.64
6.2 8.76
6.2 8.88
6.2 9
6.2 9.12
6.2 9.24
6.2 9.36
6.2 9.48
6.2 9.6
6.2 9.72
6.2 9.84
6.2 9.96
6.2 10.08
6.2 10.2
6.2 10.32
6.2 10.44
6.2 10.56
6.2 10.68
6.2 10.8
6.2 10.92
6.2 11.04
6.2 11.16
6.2 11.28
6.2 11.4
6.2 11.52
6.2 11.64
6.2 11.76
6.2 11.88
6.4 0
6.4 0.12
6.4 0.24
6.4 0.36
6.4 0.48
6.4 0.6
6.4 0.72
6.4 0.84
6.4 0.96
6.4 1.08
6.4 1.2
6.4 1.32
6.4 1.44
6.4 1.56
6.4 1.68
6.4 1.8
6.4 1.92
6.4 2.04
6.4 2.16
6.4 2.28
6.4 2.4
6.4 2.52
6.4 2.64
6.4 2.76
6.4 2.88
6.4 3
6.4 3.12
6.4 3.24
6.4 3.36
6.4 3.48
6.4 3.6
6.4 3.72
6.4 3.84
6.4 3.96
6.4 4.08
6.4 4.2
6.4 4.32
6.4 4.44
6.4 4.56
6.4 4.68
6.4 4.8
6.4 4.92
6.4 5.04
6.4 5.16
6.4 5.28
6.4 5.4
6.4 5.52
6.4 5.64
6.4 5.76
6.4 5.88
6.4 6
6.4 6.12
6.4 6.24
6.4 6.36
6.4 6.48
6.4 6.6
6.4 6.72
6.4 6.84
6.4 6.96
6.4 7.08
6.4 7.2
6.4 7.32
6.4 7.44
6.4 7.56
6.4 7.68
6.4 7.8
6.4 7.92
6.4 8.04
6.4 8.16
6.4 8.28
6.4 8.4
6.4 8.52
6.4 8.64
6.4 8.76
6.4 8.88
6.4 9
6.4 9.12
6.4 9.24
6.4 9.36
6.4 9.48
6.4 9.6
6.4 9.72
6.4 9.84
6.4 9.96
6.4 10.08
6.4 10.2
6.4 10.32
6.4 10.44
6.4 10.56
6.4 10.68
6.4 10.8
6.4 10.92
6.4 11.04
6.4 11.16
6.4 11.28
6.4 11.4
6.4 11.52
6.4 11.64
6.4 11.76
6.4 11.88
6.6 0
6.6 0.12
6.6 0.24
6.6 0.36
6.6 0.48
6.6 0.6
6.6 0.72
6.6 0.84
6.6 0.96
6.6 1.08
6.6 1.2
6.6 1.32
6.6 1.44
6.6 1.56
6.6 1.68
6.6 1.8
6.6 1.92
6.6 2.04
6.6 2.16
6.6 2.28
6.6 2.4
6.6 2.52
6.6 2.64
6.6 2.76
6.6 2.88
6.6 3
6.6 3.12
6.6 3.24
6.6 3.36
6.6 3.48
6.6 3.6
6.6 3.72
6.6 3.84
6.6 3.96
6.6 4.08
6.6 4.2
6.6 4.32
6.6 4.44
6.6 4.56
6.6 4.68
6.6 4.8
6.6 4.92
6.6 5.04
6.6 5.16
6.6 5.28
6.6 5.4
6.6 5.52
6.6 5.64
6.6 5.76
6.6 5.88
6.6 6
6.6 6.12
6.6 6.24
6.6 6.36
6.6 6.48
6.6 6.6
6.6 6.72
6.6 6.84
6.6 6.96
6.6 7.08
6.6 7.2
6.6 7.32
6.6 7.44
6.6 7.56
6.6 7.68
6.6 7.8
6.6 7.92
6.6 8.04
6.6 8.16
6.6 8.28
6.6 8.4
6.6 8.52
6.6 8.64
6.6 8.76
6.6 8.88
6.6 9
6.6 9.12
6.6 9.24
6.6 9.36
6.6 9.48
6.6 9.6
6.6 9.72
6.6 9.84
6.6 9.96
6.6 10.08
6.6 10.2
6.6 10.32
6.6 10.44
6.6 10.56
6.6 10.68
6.6 10.8
6.6 10.92
6.6 11.04
6.6 11.16
6.6 11.28
6.6 11.4
6.6 11.52
6.6 11.64
6.6 11.76
6.6 11.88
6.8 0
6.8 0.12
6.8 0.24
6.8 0.36
6.8 0.48
6.8 0.6
6.8 0.72
6.8 0.84
6.8 0.96
6.8 1.08
6.8 1.2
6.8 1.32
6.8 1.44
6.8 1.56
6.8 1.68
6.8 1.8
6.8 1.92
6.8 2.04
6.8 2.16
6.8 2.28
6.8 2.4
6.8 2.52
6.8 2.64
6.8 2.76
6.8 2.88
6.8 3
6.8 3.12
6.8 3.24
6.8 3.36
6.8 3.48
6.8 3.6
6.8 3.72
6.8 3.84
6.8 3.96
6.8 4.08
6.8 4.2
6.8 4.32
6.8 4.44
6.8 4.56
6.8 4.68
6.8 4.8
6.8 4.92
6.8 5.04
6.8 5.16
6.8 5.28
6.8 5.4
6.8 5.52
6.8 5.64
6.8 5.76
6.8 5.88
6.8 6
6.8 6.12
6.8 6.24
6.8 6.36
6.8 6.48
6.8 6.6
6.8 6.72
6.8 6.84
6.8 6.96
6.8 7.08
6.8 7.2
6.8 7.32
6.8 7.44
6.8 8.28
6.8 8.4
6.8 8.52
6.8 8.64
6.8 8.76
6.8 8.88
6.8 9
6.8 9.12
6.8 9.24
6.8 9.36
6.8 9.48
6.8 9.6
6.8 9.72
6.8 9.84
6.8 9.96
6.8 10.08
6.8 10.2
6.8 10.32
6.8 10.44
6.8 10.56
6.8 10.68
6.8 10.8
6.8 10.92
6.8 11.04
6.8 11.16
6.8 11.28
6.8 11.4
6.8 11.52
6.8 11.64
6.8 11.76
6.8 11.88
7 0
7 0.12
7 0.24
7 0.36
7 0.48
7 0.6
7 0.72
7 0.84
7 0.96
7 1.08
7 1.2
7 1.32
7 1.44
7 1.56
7 1.68
7 1.8
7 1.92
7 2.04
7 2.16
7 2.28
7 2.4
7 2.52
7 2.64
7 2.76
7 2.88
7 3
7 3.12
7 3.24
7 3.36
7 3.48
7 3.6
7 3.72
7 3.84
7 3.96
7 4.08
7 4.2
7 4.32
7 4.44
7 4.56
7 4.68
7 4.8
7 4.92
7 5.04
7 5.16
7 5.28
7 5.4
7 5.52
7 5.64
7 5.76
7 5.88
7 6
7 6.12
7 6.24
7 6.36
7 6.48
7 6.6
7 6.72
7 6.84
7 6.96
7 9.12
7 9.24
7 9.36
7 9.48
7 9.6
7 9.72
7 9.84
7 9.96
7 10.08
7 10.2
7 10.32
7 10.44
7 10.56
7 10.68
7 10.8
7 10.92
7 11.04
7 11.16
7 11.28
7 11.4
7 11.52
7 11.64
7 11.76
7 11.88
7.2 0
7.2 0.12
7.2 0.24
7.2 0.36
7.2 0.48
7.2 0.6
7.2 0.72
7.2 0.84
7.2 0.96
7.2 1.08
7.2 1.2
7.2 1.32
7.2 1.44
7.2 1.56
7.2 1.68
7.2 1.8
7.2 1.92
7.2 2.04
7.2 2.16
7.2 2.28
7.2 2.4
7.2 2.52
7.2 2.64
7.2 2.76
7.2 2.88
7.2 3
7.2 3.12
7.2 3.24
7.2 3.36
7.2 3.48
7.2 3.6
7.2 3.72
7.2 3.84
7.2 3.96
7.2 4.08
7.2 4.2
7.2 4.32
7.2 4.44
7.2 4.56
7.2 4.68
7.2 4.8
7.2 4.92
7.2 5.04
7.2 5.16
7.2 5.28
7.2 5.4
7.2 5.52
7.2 5.64
7.2 5.76
7.2 5.88
7.2 6
7.2 6.12
7.2 6.24
7.2 6.36
7.2 6.48
7.2 6.6
7.2 9.6
7.2 9.72
7.2 9.84
7.2 9.96
7.2 10.08
7.2 10.2
7.2 10.32
7.2 10.44
7.2 10.56
7.2 10.68
7.2 10.8
7.2 10.92
7.2 11.04
7.2 11.16
7.2 11.28
7.2 11.4
7.2 11.52
7.2 11.64
7.2 11.76
7.2 11.88
7.4 0
7.4 0.12
7.4 0.24
7.4 0.36
7.4 0.48
7.4 0.6
7.4 0.72
7.4 0.84
7.4 0.96
7.4 1.08
7.4 1.2
7.4 1.32
7.4 1.44
7.4 1.56
7.4 1.68
7.4 1.8
7.4 1.92
7.4 2.04
7.4 2.16
7.4 2.28
7.4 2.4
7.4 2.52
7.4 2.64
7.4 2.76
7.4 2.88
7.4 3
7.4 3.12
7.4 3.24
7.4 3.36
7.4 3.48
7.4 3.6
7.4 3.72
7.4 3.84
7.4 3.96
7.4 4.08
7.4 4.2
7.4 4.32
7.4 4.44
7.4 4.56
7.4 4.68
7.4 4.8
7.4 4.92
7.4 5.04
7.4 5.16
7.4 5.28
7.4 5.4
7.4 5.52
7.4 5.64
7.4 5.76
7.4 5.88
7.4 6
7.4 6.12
7.4 6.24
7.4 9.84
7.4 9.96
7.4 10.08
7.4 10.2
7.4 10.32
7.4 10.44
7.4 10.56
7.4 10.68
7.4 10.8
7.4 10.92
7.4 11.04
7.4 11.16
7.4 11.28
7.4 11.4
7.4 11.52
7.4 11.64
7.4 11.76
7.4 11.88
7.6 0
7.6 0.12
7.6 0.24
7.6 0.36
7.6 0.48
7.6 0.6
7.6 0.72
7.6 0.84
7.6 0.96
7.6 1.08
7.6 1.2
7.6 1.32
7.6 1.44
7.6 1.56
7.6 1.68
7.6 1.8
7.6 1.92
7.6 2.04
7.6 2.16
7.6 2.28
7.6 2.4
7.6 2.52
7.6 2.64
7.6 2.76
7.6 2.88
7.6 3
7.6 3.12
7.6 3.24
7.6 3.36
7.6 3.48
7.6 3.6
7.6 3.72
7.6 3.84
7.6 3.96
7.6 4.08
7.6 4.2
7.6 4.32
7.6 4.44
7.6 4.56
7.6 4.68
7.6 4.8
7.6 4.92
7.6 5.04
7.6 5.16
7.6 5.28
7.6 5.4
7.6 5.52
7.6 5.64
7.6 5.76
7.6 5.88
7.6 6
7.6 10.2
7.6 10.32
7.6 10.44
7.6 10.56
7.6 10.68
7.6 10.8
7.6 10.92
7.6 11.04
7.6 11.16
7.6 11.28
7.6 11.4
7.6 11.52
7.6 11.64
7.6 11.76
7.6 11.88
7.8 0
7.8 0.12
7.8 0.24
7.8 0.36
7.8 0.48
7.8 0.6
7.8 0.72
7.8 0.84
7.8 0.96
7.8 1.08
7.8 1.2
7.8 1.32
7.8 1.44
7.8 1.56
7.8 1.68
7.8 1.8
7.8 1.92
7.8 2.04
7.8 2.16
7.8 2.28
7.8 2.4
7.8 2.52
7.8 2.64
7.8 2.76
7.8 2.88
7.8 3
7.8 3.12
7.8 3.24
7.8 3.36
7.8 3.48
7.8 3.6
7.8 3.72
7.8 3.84
7.8 3.96
7.8 4.08
7.8 4.2
7.8 4.32
7.8 4.44
7.8 4.56
7.8 4.68
7.8 4.8
7.8 4.92
7.8 5.04
7.8 5.16
7.8 5.28
7.8 5.4
7.8 5.52
7.8 5.64
7.8 5.76
7.8 10.32
7.8 10.44
7.8 10.56
7.8 10.68
7.8 10.8
7.8 10.92
7.8 11.04
7.8 11.16
7.8 11.28
7.8 11.4
7.8 11.52
7.8 11.64
7.8 11.76
7.8 11.88
8 0
8 0.12
8 0.24
8 0.36
8 0.48
8 0.6
8 0.72
8 0.84
8 0.96
8 1.08
8 1.2
8 1.32
8 1.44
8 1.56
8 1.68
8 1.8
8 1.92
8 2.04
8 2.16
8 2.28
8 2.4
8 2.52
8 2.64
8 2.76
8 2.88
8 3
8 3.12
8 3.24
8 3.36
8 3.48
8 3.6
8 3.72
8 3.84
8 3.96
8 4.08
8 4.2
8 4.32
8 4.44
8 4.56
8 4.68
8 4.8
8 4.92
8 5.04
8 5.16
8 5.28
8 5.4
8 5.52
8 10.56
8 10.68
8 10.8
8 10.92
8 11.04
8 11.16
8 11.28
8 11.4
8 11.52
8 11.64
8 11.76
8 11.88
8.2 0
8.2 0.12
8.2 0.24
8.2 0.36
8.2 0.48
8.2 0.6
8.2 0.72
8.2 0.84
8.2 0.96
8.2 1.08
8.2 1.2
8.2 1.32
8.2 1.44
8.2 1.56
8.2 1.68
8.2 1.8
8.2 1.92
8.2 2.04
8.2 2.16
8.2 2.28
8.2 2.4
8.2 2.52
8.2 2.64
8.2 2.76
8.2 2.88
8.2 3
8.2 3.12
8.2 3.24
8.2 3.36
8.2 3.48
8.2 3.6
8.2 3.72
8.2 3.84
8.2 3.96
8.2 4.08
8.2 4.2
8.2 4.32
8.2 4.44
8.2 4.56
8.2 4.68
8.2 4.8
8.2 4.92
8.2 5.04
8.2 5.16
8.2 5.28
8.2 10.68
8.2 10.8
8.2 10.92
8.2 11.04
8.2 11.16
8.2 11.28
8.2 11.4
8.2 11.52
8.2 11.64
8.2 11.76
8.2 11.88
8.4 0
8.4 0.12
8.4 0.24
8.4 0.36
8.4 0.48
8.4 0.6
8.4 0.72
8.4 0.84
8.4 0.96
8.4 1.08
8.4 1.2
8.4 1.32
8.4 1.44
8.4 1.56
8.4 1.68
8.4 1.8
8.4 1.92
8.4 2.04
8.4 2.16
8.4 2.28
8.4 2.4
8.4 2.52
8.4 2.64
8.4 2.76
8.4 2.88
8.4 3
8.4 3.12
8.4 3.24
8.4 3.36
8.4 3.48
8.4 3.6
8.4 3.72
8.4 3.84
8.4 3.96
8.4 4.08
8.4 4.2
8.4 4.32
8.4 4.44
8.4 4.56
8.4 4.68
8.4 4.8
8.4 4.92
8.4 5.04
8.4 5.16
8.4 5.28
8.4 10.8
8.4 10.92
8.4 11.04
8.4 11.16
8.4 11.28
8.4 11.4
8.4 11.52
8.4 11.64
8.4 11.76
8.4 11.88
8.6 0
8.6 0.12
8.6 0.24
8.6 0.36
8.6 0.48
8.6 0.6
8.6 0.72
8.6 0.84
8.6 0.96
8.6 1.08
8.6 1.2
8.6 1.32
8.6 1.44
8.6 1.56
8.6 1.68
8.6 1.8
8.6 1.92
8.6 2.04
8.6 2.16
8.6 2.28
8.6 2.4
8.6 2.52
8.6 2.64
8.6 2.76
8.6 2.88
8.6 3
8.6 3.12
8.6 3.24
8.6 3.36
8.6 3.48
8.6 3.6
8.6 3.72
8.6 3.84
8.6 3.96
8.6 4.08
8.6 4.2
8.6 4.32
8.6 4.44
8.6 4.56
8.6 4.68
8.6 4.8
8.6 4.92
8.6 5.04
8.6 5.16
8.6 10.92
8.6 11.04
8.6 11.16
8.6 11.28
8.6 11.4
8.6 11.52
8.6 11.64
8.6 11.76
8.6 11.88
8.8 0
8.8 0.12
8.8 0.24
8.8 0.36
8.8 0.48
8.8 0.6
8.8 0.72
8.8 0.84
8.8 0.96
8.8 1.08
8.8 1.2
8.8 1.32
8.8 1.44
8.8 1.56
8.8 1.68
8.8 1.8
8.8 1.92
8.8 2.04
8.8 2.16
8.8 2.28
8.8 2.4
8.8 2.52
8.8 2.64
8.8 2.76
8.8 2.88
8.8 3
8.8 3.12
8.8 3.24
8.8 3.36
8.8 3.48
8.8 3.6
8.8 3.72
8.8 3.84
8.8 3.96
8.8 4.08
8.8 4.2
8.8 4.32
8.8 4.44
8.8 4.56
8.8 4.68
8.8 4.8
8.8 4.92
8.8 5.04
8.8 5.16
8.8 11.04
8.8 11.16
8.8 11.28
8.8 11.4
8.8 11.52
8.8 11.64
8.8 11.76
8.8 11.88
9 0
9 0.12
9 0.24
9 0.36
9 0.48
9 0.6
9 0.72
9 0.84
9 0.96
9 1.08
9 1.2
9 1.32
9 1.44
9 1.56
9 1.68
9 1.8
9 1.92
9 2.04
9 2.16
9 2.28
9 2.4
9 2.52
9 2.64
9 2.76
9 2.88
9 3
9 3.12
9 3.24
9 3.36
9 3.48
9 3.6
9 3.72
9 3.84
9 3.96
9 4.08
9 4.2
9 4.32
9 4.44
9 4.56
9 4.68
9 4.8
9 4.92
9 5.04
9 5.16
9 11.16
9 11.28
9 11.4
9 11.52
9 11.64
9 11.76
9 11.88
9.2 0
9.2 0.12
9.2 0.24
9.2 0.36
9.2 0.48
9.2 0.6
9.2 0.72
9.2 0.84
9.2 0.96
9.2 1.08
9.2 1.2
9.2 1.32
9.2 1.44
9.2 1.56
9.2 1.68
9.2 1.8
9.2 1.92
9.2 2.04
9.2 2.16
9.2 2.28
9.2 2.4
9.2 2.52
9.2 2.64
9.2 2.76
9.2 2.88
9.2 3
9.2 3.12
9.2 3.24
9.2 3.36
9.2 3.48
9.2 3.6
9.2 3.72
9.2 3.84
9.2 3.96
9.2 4.08
9.2 4.2
9.2 4.32
9.2 4.44
9.2 4.56
9.2 4.68
9.2 4.8
9.2 4.92
9.2 5.04
9.2 11.28
9.2 11.4
9.2 11.52
9.2 11.64
9.2 11.76
9.2 11.88
9.4 0
9.4 0.12
9.4 0.24
9.4 0.36
9.4 0.48
9.4 0.6
9.4 0.72
9.4 0.84
9.4 0.96
9.4 1.08
9.4 1.2
9.4 1.32
9.4 1.44
9.4 1.56
9.4 1.68
9.4 1.8
9.4 1.92
9.4 2.04
9.4 2.16
9.4 2.28
9.4 2.4
9.4 2.52
9.4 2.64
9.4 2.76
9.4 2.88
9.4 3
9.4 3.12
9.4 3.24
9.4 3.36
9.4 3.48
9.4 3.6
9.4 3.72
9.4 3.84
9.4 3.96
9.4 4.08
9.4 4.2
9.4 4.32
9.4 4.44
9.4 4.56
9.4 4.68
9.4 4.8
9.4 4.92
9.4 5.04
9.4 11.4
9.4 11.52
9.4 11.64
9.4 11.76
9.4 11.88
9.6 0
9.6 0.12
9.6 0.24
9.6 0.36
9.6 0.48
9.6 0.6
9.6 0.72
9.6 0.84
9.6 0.96
9.6 1.08
9.6 1.2
9.6 1.32
9.6 1.44
9.6 1.56
9.6 1.68
9.6 1.8
9.6 1.92
9.6 2.04
9.6 2.16
9.6 2.28
9.6 2.4
9.6 2.52
9.6 2.64
9.6 2.76
9.6 2.88
9.6 3
9.6 3.12
9.6 3.24
9.6 3.36
9.6 3.48
9.6 3.6
9.6 3.72
9.6 3.84
9.6 3.96
9.6 4.08
9.6 4.2
9.6 4.32
9.6 4.44
9.6 4.56
9.6 4.68
9.6 4.8
9.6 4.92
9.6 11.4
9.6 11.52
9.6 11.64
9.6 11.76
9.6 11.88
9.8 0
9.8 0.12
9.8 0.24
9.8 0.36
9.8 0.48
9.8 0.6
9.8 0.72
9.8 0.84
9.8 0.96
9.8 1.08
9.8 1.2
9.8 1.32
9.8 1.44
9.8 1.56
9.8 1.68
9.8 1.8
9.8 1.92
9.8 2.04
9.8 2.16
9.8 2.28
9.8 2.4
9.8 2.52
9.8 2.64
9.8 2.76
9.8 2.88
9.8 3
9.8 3.12
9.8 3.24
9.8 3.36
9.8 3.48
9.8 3.6
9.8 3.72
9.8 3.84
9.8 3.96
9.8 4.08
9.8 4.2
9.8 4.32
9.8 4.44
9.8 4.56
9.8 4.68
9.8 4.8
9.8 11.52
9.8 11.64
9.8 11.76
9.8 11.88
10 0
10 0.12
10 0.24
10 0.36
10 0.48
10 0.6
10 0.72
10 0.84
10 0.96
10 1.08
10 1.2
10 1.32
10 1.44
10 1.56
10 1.68
10 1.8
10 1.92
10 2.04
10 2.16
10 2.28
10 2.4
10 2.52
10 2.64
10 2.76
10 2.88
10 3
10 3.12
10 3.24
10 3.36
10 3.48
10 3.6
10 3.72
10 3.84
10 3.96
10 4.08
10 4.2
10 4.32
10 4.44
10 4.56
10 4.68
10 4.8
10 11.52
10 11.64
10 11.76
10 11.88
10.2 0
10.2 0.12
10.2 0.24
10.2 0.36
10.2 0.48
10.2 0.6
10.2 0.72
10.2 0.84
10.2 0.96
10.2 1.08
10.2 1.2
10.2 1.32
10.2 1.44
10.2 1.56
10.2 1.68
10.2 1.8
10.2 1.92
10.2 2.04
10.2 2.16
10.2 2.28
10.2 2.4
10.2 2.52
10.2 2.64
10.2 2.76
10.2 2.88
10.2 3
10.2 3.12
10.2 3.24
10.2 3.36
10.2 3.48
10.2 3.6
10.2 3.72
10.2 3.84
10.2 3.96
10.2 4.08
10.2 4.2
10.2 4.32
10.2 4.44
10.2 4.56
10.2 4.68
10.2 4.8
10.2 11.64
10.2 11.76
10.2 11.88
10.4 0
10.4 0.12
10.4 0.24
10.4 0.36
10.4 0.48
10.4 0.6
10.4 0.72
10.4 0.84
10.4 0.96
10.4 1.08
10.4 1.2
10.4 1.32
10.4 1.44
10.4 1.56
10.4 1.68
10.4 1.8
10.4 1.92
10.4 2.04
10.4 2.16
10.4 2.28
10.4 2.4
10.4 2.52
10.4 2.64
10.4 2.76
10.4 2.88
10.4 3
10.4 3.12
10.4 3.24
10.4 3.36
10.4 3.48
10.4 3.6
10.4 3.72
10.4 3.84
10.4 3.96
10.4 4.08
10.4 4.2
10.4 4.32
10.4 4.44
10.4 4.56
10.4 4.68
10.4 4.8
10.4 11.64
10.4 11.76
10.4 11.88
10.6 0
10.6 0.12
10.6 0.24
10.6 0.36
10.6 0.48
10.6 0.6
10.6 0.72
10.6 0.84
10.6 0.96
10.6 1.08
10.6 1.2
10.6 1.32
10.6 1.44
10.6 1.56
10.6 1.68
10.6 1.8
10.6 1.92
10.6 2.04
10.6 2.16
10.6 2.28
10.6 2.4
10.6 2.52
10.6 2.64
10.6 2.76
10.6 2.88
10.6 3
10.6 3.12
10.6 3.24
10.6 3.36
10.6 3.48
10.6 3.6
10.6 3.72
10.6 3.84
10.6 3.96
10.6 4.08
10.6 4.2
10.6 4.32
10.6 4.44
10.6 4.56
10.6 4.68
10.6 4.8
10.6 11.64
10.6 11.76
10.6 11.88
10.8 0
10.8 0.12
10.8 0.24
10.8 0.36
10.8 0.48
10.8 0.6
10.8 0.72
10.8 0.84
10.8 0.96
10.8 1.08
10.8 1.2
10.8 1.32
10.8 1.44
10.8 1.56
10.8 1.68
10.8 1.8
10.8 1.92
10.8 2.04
10.8 2.16
10.8 2.28
10.8 2.4
10.8 2.52
10.8 2.64
10.8 2.76
10.8 2.88
10.8 3
10.8 3.12
10.8 3.24
10.8 3.36
10.8 3.48
10.8 3.6
10.8 3.72
10.8 3.84
10.8 3.96
10.8 4.08
10.8 4.2
10.8 4.32
10.8 4.44
10.8 4.56
10.8 4.68
10.8 4.8
10.8 4.92
10.8 11.64
10.8 11.76
10.8 11.88
11 0
11 0.12
11 0.24
11 0.36
11 0.48
11 0.6
11 0.72
11 0.84
11 0.96
11 1.08
11 1.2
11 1.32
11 1.44
11 1.56
11 1.68
11 1.8
11 1.92
11 2.04
11 2.16
11 2.28
11 2.4
11 2.52
11 2.64
11 2.76
11 2.88
11 3
11 3.12
11 3.24
11 3.36
11 3.48
11 3.6
11 3.72
11 3.84
11 3.96
11 4.08
11 4.2
11 4.32
11 4.44
11 4.56
11 4.68
11 4.8
11 4.92
11 11.64
11 11.76
11 11.88
11.2 0
11.2 0.12
11.2 0.24
11.2 0.36
11.2 0.48
11.2 0.6
11.2 0.72
11.2 0.84
11.2 0.96
11.2 1.08
11.2 1.2
11.2 1.32
11.2 1.44
11.2 1.56
11.2 1.68
11.2 1.8
11.2 1.92
11.2 2.04
11.2 2.16
11.2 2.28
11.2 2.4
11.2 2.52
11.2 2.64
11.2 2.76
11.2 2.88
11.2 3
11.2 3.12
11.2 3.24
11.2 3.36
11.2 3.48
11.2 3.6
11.2 3.72
11.2 3.84
11.2 3.96
11.2 4.08
11.2 4.2
11.2 4.32
11.2 4.44
11.2 4.56
11.2 4.68
11.2 4.8
11.2 4.92
11.2 5.04
11.2 11.64
11.2 11.76
11.2 11.88
11.4 0
11.4 0.12
11.4 0.24
11.4 0.36
11.4 0.48
11.4 0.6
11.4 0.72
11.4 0.84
11.4 0.96
11.4 1.08
11.4 1.2
11.4 1.32
11.4 1.44
11.4 1.56
11.4 1.68
11.4 1.8
11.4 1.92
11.4 2.04
11.4 2.16
11.4 2.28
11.4 2.4
11.4 2.52
11.4 2.64
11.4 2.76
11.4 2.88
11.4 3
11.4 3.12
11.4 3.24
11.4 3.36
11.4 3.48
11.4 3.6
11.4 3.72
11.4 3.84
11.4 3.96
11.4 4.08
11.4 4.2
11.4 4.32
11.4 4.44
11.4 4.56
11.4 4.68
11.4 4.8
11.4 4.92
11.4 5.04
11.4 11.52
11.4 11.64
11.4 11.76
11.4 11.88
11.6 0
11.6 0.12
11.6 0.24
11.6 0.36
11.6 0.48
11.6 0.6
11.6 0.72
11.6 0.84
11.6 0.96
11.6 1.08
11.6 1.2
11.6 1.32
11.6 1.44
11.6 1.56
11.6 1.68
11.6 1.8
11.6 1.92
11.6 2.04
11.6 2.16
11.6 2.28
11.6 2.4
11.6 2.52
11.6 2.64
11.6 2.76
11.6 2.88
11.6 3
11.6 3.12
11.6 3.24
11.6 3.36
11.6 3.48
11.6 3.6
11.6 3.72
11.6 3.84
11.6 3.96
11.6 4.08
11.6 4.2
11.6 4.32
11.6 4.44
11.6 4.56
11.6 4.68
11.6 4.8
11.6 4.92
11.6 5.04
11.6 5.16
11.6 11.28
11.6 11.4
11.6 11.52
11.6 11.64
11.6 11.76
11.6 11.88
11.8 0
11.8 0.12
11.8 0.24
11.8 0.36
11.8 0.48
11.8 0.6
11.8 0.72
11.8 0.84
11.8 0.96
11.8 1.08
11.8 1.2
11.8 1.32
11.8 1.44
11.8 1.56
11.8 1.68
11.8 1.8
11.8 1.92
11.8 2.04
11.8 2.16
11.8 2.28
11.8 2.4
11.8 2.52
11.8 2.64
11.8 2.76
11.8 2.88
11.8 3
11.8 3.12
11.8 3.24
11.8 3.36
11.8 3.48
11.8 3.6
11.8 3.72
11.8 3.84
11.8 3.96
11.8 4.08
11.8 4.2
11.8 4.32
11.8 4.44
11.8 4.56
11.8 4.68
11.8 4.8
11.8 4.92
11.8 5.04
11.8 5.16
11.8 5.28
11.8 11.16
11.8 11.28
11.8 11.4
11.8 11.52
11.8 11.64
11.8 11.76
11.8 11.88
12 0
12 0.12
12 0.24
12 0.36
12 0.48
12 0.6
12 0.72
12 0.84
12 0.96
12 1.08
12 1.2
12 1.32
12 1.44
12 1.56
12 1.68
12 1.8
12 1.92
12 2.04
12 2.16
12 2.28
12 2.4
12 2.52
12 2.64
12 2.76
12 2.88
12 3
12 3.12
12 3.24
12 3.36
12 3.48
12 3.6
12 3.72
12 3.84
12 3.96
12 4.08
12 4.2
12 4.32
12 4.44
12 4.56
12 4.68
12 4.8
12 4.92
12 5.04
12 5.16
12 5.28
12 5.4
12 10.92
12 11.04
12 11.16
12 11.28
12 11.4
12 11.52
12 11.64
12 11.76
12 11.88
12.2 0
12.2 0.12
12.2 0.24
12.2 0.36
12.2 0.48
12.2 0.6
12.2 0.72
12.2 0.84
12.2 0.96
12.2 1.08
12.2 1.2
12.2 1.32
12.2 1.44
12.2 1.56
12.2 1.68
12.2 1.8
12.2 1.92
12.2 2.04
12.2 2.16
12.2 2.28
12.2 2.4
12.2 2.52
12.2 2.64
12.2 2.76
12.2 2.88
12.2 3
12.2 3.12
12.2 3.24
12.2 3.36
12.2 3.48
12.2 3.6
12.2 3.72
12.2 3.84
12.2 3.96
12.2 4.08
12.2 4.2
12.2 4.32
12.2 4.44
12.2 4.56
12.2 4.68
12.2 4.8
12.2 4.92
12.2 5.04
12.2 5.16
12.2 5.28
12.2 5.4
12.2 5.52
12.2 10.68
12.2 10.8
12.2 10.92
12.2 11.04
12.2 11.16
12.2 11.28
12.2 11.4
12.2 11.52
12.2 11.64
12.2 11.76
12.2 11.88
12.4 0
12.4 0.12
12.4 0.24
12.4 0.36
12.4 0.48
12.4 0.6
12.4 0.72
12.4 0.84
12.4 0.96
12.4 1.08
12.4 1.2
12.4 1.32
12.4 1.44
12.4 1.56
12.4 1.68
12.4 1.8
12.4 1.92
12.4 2.04
12.4 2.16
12.4 2.28
12.4 2.4
12.4 2.52
12.4 2.64
12.4 2.76
12.4 2.88
12.4 3
12.4 3.12
12.4 3.24
12.4 3.36
12.4 3.48
12.4 3.6
12.4 3.72
12.4 3.84
12.4 3.96
12.4 4.08
12.4 4.2
12.4 4.32
12.4 4.44
12.4 4.56
12.4 4.68
12.4 4.8
12.4 4.92
12.4 5.04
12.4 5.16
12.4 5.28
12.4 5.4
12.4 5.52
12.4 5.64
12.4 10.44
12.4 10.56
12.4 10.68
12.4 10.8
12.4 10.92
12.4 11.04
12.4 11.16
12.4 11.28
12.4 11.4
12.4 11.52
12.4 11.64
12.4 11.76
12.4 11.88
12.6 0
12.6 0.12
12.6 0.24
12.6 0.36
12.6 0.48
12.6 0.6
12.6 0.72
12.6 0.84
12.6 0.96
12.6 1.08
12.6 1.2
12.6 1.32
12.6 1.44
12.6 1.56
12.6 1.68
12.6 1.8
12.6 1.92
12.6 2.04
12.6 2.16
12.6 2.28
12.6 2.4
12.6 2.52
12.6 2.64
12.6 2.76
12.6 2.88
12.6 3
12.6 3.12
12.6 3.24
12.6 3.36
12.6 3.48
12.6 3.6
12.6 3.72
12.6 3.84
12.6 3.96
12.6 4.08
12.6 4.2
12.6 4.32
12.6 4.44
12.6 4.56
12.6 4.68
12.6 4.8
12.6 4.92
12.6 5.04
12.6 5.16
12.6 5.28
12.6 5.4
12.6 5.52
12.6 5.64
12.6 5.76
12.6 10.2
12.6 10.32
12.6 10.44
12.6 10.56
12.6 10.68
12.6 10.8
12.6 10.92
12.6 11.04
12.6 11.16
12.6 11.28
12.6 11.4
12.6 11.52
12.6 11.64
12.6 11.76
12.6 11.88
12.8 0
12.8 0.12
12.8 0.24
12.8 0.36
12.8 0.48
12.8 0.6
12.8 0.72
12.8 0.84
12.8 0.96
12.8 1.08
12.8 1.2
12.8 1.32
12.8 1.44
12.8 1.56
12.8 1.68
12.8 1.8
12.8 1.92
12.8 2.04
12.8 2.16
12.8 2.28
12.8 2.4
12.8 2.52
12.8 2.64
12.8 2.76
12.8 2.88
12.8 3
12.8 3.12
12.8 3.24
12.8 3.36
12.8 3.48
12.8 3.6
12.8 3.72
12.8 3.84
12.8 3.96
12.8 4.08
12.8 4.2
12.8 4.32
12.8 4.44
12.8 4.56
12.8 4.68
12.8 4.8
12.8 4.92
12.8 5.04
12.8 5.16
12.8 5.28
12.8 5.4
12.8 5.52
12.8 5.64
12.8 5.76
12.8 5.88
12.8 9.96
12.8 10.08
12.8 10.2
12.8 10.32
12.8 10.44
12.8 10.56
12.8 10.68
12.8 10.8
12.8 10.92
12.8 11.04
12.8 11.16
12.8 11.28
12.8 11.4
12.8 11.52
12.8 11.64
12.8 11.76
12.8 11.88
13 0
13 0.12
13 0.24
13 0.36
13 0.48
13 0.6
13 0.72
13 0.84
13 0.96
13 1.08
13 1.2
13 1.32
13 1.44
13 1.56
13 1.68
13 1.8
13 1.92
13 2.04
13 2.16
13 2.28
13 2.4
13 2.52
13 2.64
13 2.76
13 2.88
13 3
13 3.12
13 3.24
13 3.36
13 3.48
13 3.6
13 3.72
13 3.84
13 3.96
13 4.08
13 4.2
13 4.32
13 4.44
13 4.56
13 4.68
13 4.8
13 4.92
13 5.04
13 5.16
13 5.28
13 5.4
13 5.52
13 5.64
13 5.76
13 5.88
13 6
13 9.6
13 9.72
13 9.84
13 9.96
13 10.08
13 10.2
13 10.32
13 10.44
13 10.56
13 10.68
13 10.8
13 10.92
13 11.04
13 11.16
13 11.28
13 11.4
13 11.52
13 11.64
13 11.76
13 11.88
13.2 0
13.2 0.12
13.2 0.24
13.2 0.36
13.2 0.48
13.2 0.6
13.2 0.72
13.2 0.84
13.2 0.96
13.2 1.08
13.2 1.2
13.2 1.32
13.2 1.44
13.2 1.56
13.2 1.68
13.2 1.8
13.2 1.92
13.2 2.04
13.2 2.16
13.2 2.28
13.2 2.4
13.2 2.52
13.2 2.64
13.2 2.76
13.2 2.88
13.2 3
13.2 3.12
13.2 3.24
13.2 3.36
13.2 3.48
13.2 3.6
13.2 3.72
13.2 3.84
13.2 3.96
13.2 4.08
13.2 4.2
13.2 4.32
13.2 4.44
13.2 4.56
13.2 4.68
13.2 4.8
13.2 4.92
13.2 5.04
13.2 5.16
13.2 5.28
13.2 5.4
13.2 5.52
13.2 5.64
13.2 5.76
13.2 5.88
13.2 6
13.2 6.12
13.2 6.24
13.2 6.84
13.2 6.96
13.2 7.08
13.2 7.2
13.2 7.32
13.2 7.44
13.2 7.56
13.2 7.68
13.2 7.8
13.2 9.36
13.2 9.48
13.2 9.6
13.2 9.72
13.2 9.84
13.2 9.96
13.2 10.08
13.2 10.2
13.2 10.32
13.2 10.44
13.2 10.56
13.2 10.68
13.2 10.8
13.2 10.92
13.2 11.04
13.2 11.16
13.2 11.28
13.2 11.4
13.2 11.52
13.2 11.64
13.2 11.76
13.2 11.88
13.4 0
13.4 0.12
13.4 0.24
13.4 0.36
13.4 0.48
13.4 0.6
13.4 0.72
13.4 0.84
13.4 0.96
13.4 1.08
13.4 1.2
13.4 1.32
13.4 1.44
13.4 1.56
13.4 1.68
13.4 1.8
13.4 1.92
13.4 2.04
13.4 2.16
13.4 2.28
13.4 2.4
13.4 2.52
13.4 2.64
13.4 2.76
13.4 2.88
13.4 3
13.4 3.12
13.4 3.24
13.4 3.36
13.4 3.48
13.4 3.6
13.4 3.72
13.4 3.84
13.4 3.96
13.4 4.08
13.4 4.2
13.4 4.32
13.4 4.44
13.4 4.56
13.4 4.68
13.4 4.8
13.4 4.92
13.4 5.04
13.4 5.16
13.4 5.28
13.4 5.4
13.4 5.52
13.4 5.64
13.4 5.76
13.4 5.88
13.4 6
13.4 6.12
13.4 6.24
13.4 6.36
13.4 6.48
13.4 6.6
13.4 6.72
13.4 6.84
13.4 6.96
13.4 7.08
13.4 7.2
13.4 7.32
13.4 7.44
13.4 7.56
13.4 7.68
13.4 7.8
13.4 7.92
13.4 8.04
13.4 8.16
13.4 9.12
13.4 9.24
13.4 9.36
13.4 9.48
13.4 9.6
13.4 9.72
13.4 9.84
13.4 9.96
13.4 10.08
13.4 10.2
13.4 10.32
13.4 10.44
13.4 10.56
13.4 10.68
13.4 10.8
13.4 10.92
13.4 11.04
13.4 11.16
13.4 11.28
13.4 11.4
13.4 11.52
13.4 11.64
13.4 11.76
13.4 11.88
13.6 0
13.6 0.12
13.6 0.24
13.6 0.36
13.6 0.48
13.6 0.6
13.6 0.72
13.6 0.84
13.6 0.96
13.6 1.08
13.6 1.2
13.6 1.32
13.6 1.44
13.6 1.56
13.6 1.68
13.6 1.8
13.6 1.92
13.6 2.04
13.6 2.16
13.6 2.28
13.6 2.4
13.6 2.52
13.6 2.64
13.6 2.76
13.6 2.88
13.6 3
13.6 3.12
13.6 3.24
13.6 3.36
13.6 3.48
13.6 3.6
13.6 3.72
13.6 3.84
13.6 3.96
13.6 4.08
13.6 4.2
13.6 4.32
13.6 4.44
13.6 4.56
13.6 4.68
13.6 4.8
13.6 4.92
13.6 5.04
13.6 5.16
13.6 5.28
13.6 5.4
13.6 5.52
13.6 5.64
13.6 5.76
13.6 5.88
13.6 6
13.6 6.12
13.6 6.24
13.6 6.36
13.6 6.48
13.6 6.6
13.6 6.72
13.6 6.84
13.6 6.96
13.6 7.08
13.6 7.2
13.6 7.32
13.6 7.44
13.6 7.56
13.6 7.68
13.6 7.8
13.6 7.92
13.6 8.04
13.6 8.16
13.6 8.28
13.6 8.4
13.6 8.52
13.6 8.64
13.6 8.76
13.6 8.88
13.6 9
13.6 9.12
13.6 9.24
13.6 9.36
13.6 9.48
13.6 9.6
13.6 9.72
13.6 9.84
13.6 9.96
13.6 10.08
13.6 10.2
13.6 10.32
13.6 10.44
13.6 10.56
13.6 10.68
13.6 10.8
13.6 10.92
13.6 11.04
13.6 11.16
13.6 11.28
13.6 11.4
13.6 11.52
13.6 11.64
13.6 11.76
13.6 11.88
13.8 0
13.8 0.12
13.8 0.24
13.8 0.36
13.8 0.48
13.8 0.6
13.8 0.72
13.8 0.84
13.8 0.96
13.8 1.08
13.8 1.2
13.8 1.32
13.8 1.44
13.8 1.56
13.8 1.68
13.8 1.8
13.8 1.92
13.8 2.04
13.8 2.16
13.8 2.28
13.8 2.4
13.8 2.52
13.8 2.64
13.8 2.76
13.8 2.88
13.8 3
13.8 3.12
13.8 3.24
13.8 3.36
13.8 3.48
13.8 3.6
13.8 3.72
13.8 3.84
13.8 3.96
13.8 4.08
13.8 4.2
13.8 4.32
13.8 4.44
13.8 4.56
13.8 4.68
13.8 4.8
13.8 4.92
13.8 5.04
13.8 5.16
13.8 5.28
13.8 5.4
13.8 5.52
13.8 5.64
13.8 5.76
13.8 5.88
13.8 6
13.8 6.12
13.8 6.24
13.8 6.36
13.8 6.48
13.8 6.6
13.8 6.72
13.8 6.84
13.8 6.96
13.8 7.08
13.8 7.2
13.8 7.32
13.8 7.44
13.8 7.56
13.8 7.68
13.8 7.8
13.8 7.92
13.8 8.04
13.8 8.16
13.8 8.28
13.8 8.4
13.8 8.52
13.8 8.64
13.8 8.76
13.8 8.88
13.8 9
13.8 9.12
13.8 9.24
13.8 9.36
13.8 9.48
13.8 9.6
13.8 9.72
13.8 9.84
13.8 9.96
13.8 10.08
13.8 10.2
13.8 10.32
13.8 10.44
13.8 10.56
13.8 10.68
13.8 10.8
13.8 10.92
13.8 11.04
13.8 11.16
13.8 11.28
13.8 11.4
13.8 11.52
13.8 11.64
13.8 11.76
13.8 11.88
14 0
14 0.12
14 0.24
14 0.36
14 0.48
14 0.6
14 0.72
14 0.84
14 0.96
14 1.08
14 1.2
14 1.32
14 1.44
14 1.56
14 1.68
14 1.8
14 1.92
14 2.04
14 2.16
14 2.28
14 2.4
14 2.52
14 2.64
14 2.76
14 2.88
14 3
14 3.12
14 3.24
14 3.36
14 3.48
14 3.6
14 3.72
14 3.84
14 3.96
14 4.08
14 4.2
14 4.32
14 4.44
14 4.56
14 4.68
14 4.8
14 4.92
14 5.04
14 5.16
14 5.28
14 5.4
14 5.52
14 5.64
14 5.76
14 5.88
14 6
14 6.12
14 6.24
14 6.36
14 6.48
14 6.6
14 6.72
14 6.84
14 6.96
14 7.08
14 7.2
14 7.32
14 7.44
14 7.56
14 7.68
14 7.8
14 7.92
14 8.04
14 8.16
14 8.28
14 8.4
14 8.52
14 8.64
14 8.76
14 8.88
14 9
14 9.12
14 9.24
14 9.36
14 9.48
14 9.6
14 9.72
14 9.84
14 9.96
14 10.08
14 10.2
14 10.32
14 10.44
14 10.56
14 10.68
14 10.8
14 10.92
14 11.04
14 11.16
14 11.28
14 11.4
14 11.52
14 11.64
14 11.76
14 11.88
14.2 0
14.2 0.12
14.2 0.24
14.2 0.36
14.2 0.48
14.2 0.6
14.2 0.72
14.2 0.84
14.2 0.96
14.2 1.08
14.2 1.2
14.2 1.32
14.2 1.44
14.2 1.56
14.2 1.68
14.2 1.8
14.2 1.92
14.2 2.04
14.2 2.16
14.2 2.28
14.2 2.4
14.2 2.52
14.2 2.64
14.2 2.76
14.2 2.88
14.2 3
14.2 3.12
14.2 3.24
14.2 3.36
14.2 3.48
14.2 3.6
14.2 3.72
14.2 3.84
14.2 3.96
14.2 4.08
14.2 4.2
14.2 4.32
14.2 4.44
14.2 4.56
14.2 4.68
14.2 4.8
14.2 4.92
14.2 5.04
14.2 5.16
14.2 5.28
14.2 5.4
14.2 5.52
14.2 5.64
14.2 5.76
14.2 5.88
14.2 6
14.2 6.12
14.2 6.24
14.2 6.36
14.2 6.48
14.2 6.6
14.2 6.72
14.2 6.84
14.2 6.96
14.2 7.08
14.2 7.2
14.2 7.32
14.2 7.44
14.2 7.56
14.2 7.68
14.2 7.8
14.2 7.92
14.2 8.04
14.2 8.16
14.2 8.28
14.2 8.4
14.2 8.52
14.2 8.64
14.2 8.76
14.2 8.88
14.2 9
14.2 9.12
14.2 9.24
14.2 9.36
14.2 9.48
14.2 9.6
14.2 9.72
14.2 9.84
14.2 9.96
14.2 10.08
14.2 10.2
14.2 10.32
14.2 10.44
14.2 10.56
14.2 10.68
14.2 10.8
14.2 10.92
14.2 11.04
14.2 11.16
14.2 11.28
14.2 11.4
14.2 11.52
14.2 11.64
14.2 11.76
14.2 11.88
14.4 0
14.4 0.12
14.4 0.24
14.4 0.36
14.4 0.48
14.4 0.6
14.4 0.72
14.4 0.84
14.4 0.96
14.4 1.08
14.4 1.2
14.4 1.32
14.4 1.44
14.4 1.56
14.4 1.68
14.4 1.8
14.4 1.92
14.4 2.04
14.4 2.16
14.4 2.28
14.4 2.4
14.4 2.52
14.4 2.64
14.4 2.76
14.4 2.88
14.4 3
14.4 3.12
14.4 3.24
14.4 3.36
14.4 3.48
14.4 3.6
14.4 3.72
14.4 3.84
14.4 3.96
14.4 4.08
14.4 4.2
14.4 4.32
14.4 4.44
14.4 4.56
14.4 4.68
14.4 4.8
14.4 4.92
14.4 5.04
14.4 5.16
14.4 5.28
14.4 5.4
14.4 5.52
14.4 5.64
14.4 5.76
14.4 5.88
14.4 6
14.4 6.12
14.4 6.24
14.4 6.36
14.4 6.48
14.4 6.6
14.4 6.72
14.4 6.84
14.4 6.96
14.4 7.08
14.4 7.2
14.4 7.32
14.4 7.44
14.4 7.56
14.4 7.68
14.4 7.8
14.4 7.92
14.4 8.04
14.4 8.16
14.4 8.28
14.4 8.4
14.4 8.52
14.4 8.64
14.4 8.76
14.4 8.88
14.4 9
14.4 9.12
14.4 9.24
14.4 9.36
14.4 9.48
14.4 9.6
14.4 9.72
14.4 9.84
14.4 9.96
14.4 10.08
14.4 10.2
14.4 10.32
14.4 10.44
14.4 10.56
14.4 10.68
14.4 10.8
14.4 10.92
14.4 11.04
14.4 11.16
14.4 11.28
14.4 11.4
14.4 11.52
14.4 11.64
14.4 11.76
14.4 11.88
14.6 0
14.6 0.12
14.6 0.24
14.6 0.36
14.6 0.48
14.6 0.6
14.6 0.72
14.6 0.84
14.6 0.96
14.6 1.08
14.6 1.2
14.6 1.32
14.6 1.44
14.6 1.56
14.6 1.68
14.6 1.8
14.6 1.92
14.6 2.04
14.6 2.16
14.6 2.28
14.6 2.4
14.6 2.52
14.6 2.64
14.6 2.76
14.6 2.88
14.6 3
14.6 3.12
14.6 3.24
14.6 3.36
14.6 3.48
14.6 3.6
14.6 3.72
14.6 3.84
14.6 3.96
14.6 4.08
14.6 4.2
14.6 4.32
14.6 4.44
14.6 4.56
14.6 4.68
14.6 4.8
14.6 4.92
14.6 5.04
14.6 5.16
14.6 5.28
14.6 5.4
14.6 5.52
14.6 5.64
14.6 5.76
14.6 5.88
14.6 6
14.6 6.12
14.6 6.24
14.6 6.36
14.6 6.48
14.6 6.6
14.6 6.72
14.6 6.84
14.6 6.96
14.6 7.08
14.6 7.2
14.6 7.32
14.6 7.44
14.6 7.56
14.6 7.68
14.6 7.8
14.6 7.92
14.6 8.04
14.6 8.16
14.6 8.28
14.6 8.4
14.6 8.52
14.6 8.64
14.6 8.76
14.6 8.88
14.6 9
14.6 9.12
14.6 9.24
14.6 9.36
14.6 9.48
14.6 9.6
14.6 9.72
14.6 9.84
14.6 9.96
14.6 10.08
14.6 10.2
14.6 10.32
14.6 10.44
14.6 10.56
14.6 10.68
14.6 10.8
14.6 10.92
14.6 11.04
14.6 11.16
14.6 11.28
14.6 11.4
14.6 11.52
14.6 11.64
14.6 11.76
14.6 11.88
14.8 0
14.8 0.12
14.8 0.24
14.8 0.36
14.8 0.48
14.8 0.6
14.8 0.72
14.8 0.84
14.8 0.96
14.8 1.08
14.8 1.2
14.8 1.32
14.8 1.44
14.8 1.56
14.8 1.68
14.8 1.8
14.8 1.92
14.8 2.04
14.8 2.16
14.8 2.28
14.8 2.4
14.8 2.52
14.8 2.64
14.8 2.76
14.8 2.88
14.8 3
14.8 3.12
14.8 3.24
14.8 3.36
14.8 3.48
14.8 3.6
14.8 3.72
14.8 3.84
14.8 3.96
14.8 4.08
14.8 4.2
14.8 4.32
14.8 4.44
14.8 4.56
14.8 4.68
14.8 4.8
14.8 4.92
14.8 5.04
14.8 5.16
14.8 5.28
14.8 5.4
14.8 5.52
14.8 5.64
14.8 5.76
14.8 5.88
14.8 6
14.8 6.12
14.8 6.24
14.8 6.36
14.8 6.48
14.8 6.6
14.8 6.72
14.8 6.84
14.8 6.96
14.8 7.08
14.8 7.2
14.8 7.32
14.8 7.44
14.8 7.56
14.8 7.68
14.8 7.8
14.8 7.92
14.8 8.04
14.8 8.16
14.8 8.28
14.8 8.4
14.8 8.52
14.8 8.64
14.8 8.76
14.8 8.88
14.8 9
14.8 9.12
14.8 9.24
14.8 9.36
14.8 9.48
14.8 9.6
14.8 9.72
14.8 9.84
14.8 9.96
14.8 10.08
14.8 10.2
14.8 10.32
14.8 10.44
14.8 10.56
14.8 10.68
14.8 10.8
14.8 10.92
14.8 11.04
14.8 11.16
14.8 11.28
14.8 11.4
14.8 11.52
14.8 11.64
14.8 11.76
14.8 11.88
15 0
15 0.12
15 0.24
15 0.36
15 0.48
15 0.6
15 0.72
15 0.84
15 0.96
15 1.08
15 1.2
15 1.32
15 1.44
15 1.56
15 1.68
15 1.8
15 1.92
15 2.04
15 2.16
15 2.28
15 2.4
15 2.52
15 2.64
15 2.76
15 2.88
15 3
15 3.12
15 3.24
15 3.36
15 3.48
15 3.6
15 3.72
15 3.84
15 3.96
15 4.08
15 4.2
15 4.32
15 4.44
15 4.56
15 4.68
15 4.8
15 4.92
15 5.04
15 5.16
15 5.28
15 5.4
15 5.52
15 5.64
15 5.76
15 5.88
15 6
15 6.12
15 6.24
15 6.36
15 6.48
15 6.6
15 6.72
15 6.84
15 6.96
15 7.08
15 7.2
15 7.32
15 7.44
15 7.56
15 7.68
15 7.8
15 7.92
15 8.04
15 8.16
15 8.28
15 8.4
15 8.52
15 8.64
15 8.76
15 8.88
15 9
15 9.12
15 9.24
15 9.36
15 9.48
15 9.6
15 9.72
15 9.84
15 9.96
15 10.08
15 10.2
15 10.32
15 10.44
15 10.56
15 10.68
15 10.8
15 10.92
15 11.04
15 11.16
15 11.28
15 11.4
15 11.52
15 11.64
15 11.76
15 11.88
15.2 0
15.2 0.12
15.2 0.24
15.2 0.36
15.2 0.48
15.2 0.6
15.2 0.72
15.2 0.84
15.2 0.96
15.2 1.08
15.2 1.2
15.2 1.32
15.2 1.44
15.2 1.56
15.2 1.68
15.2 1.8
15.2 1.92
15.2 2.04
15.2 2.16
15.2 2.28
15.2 2.4
15.2 2.52
15.2 2.64
15.2 2.76
15.2 2.88
15.2 3
15.2 3.12
15.2 3.24
15.2 3.36
15.2 3.48
15.2 3.6
15.2 3.72
15.2 3.84
15.2 3.96
15.2 4.08
15.2 4.2
15.2 4.32
15.2 4.44
15.2 4.56
15.2 4.68
15.2 4.8
15.2 4.92
15.2 5.04
15.2 5.16
15.2 5.28
15.2 5.4
15.2 5.52
15.2 5.64
15.2 5.76
15.2 5.88
15.2 6
15.2 6.12
15.2 6.24
15.2 6.36
15.2 6.48
15.2 6.6
15.2 6.72
15.2 6.84
15.2 6.96
15.2 7.08
15.2 7.2
15.2 7.32
15.2 7.44
15.2 7.56
15.2 7.68
15.2 7.8
15.2 7.92
15.2 8.04
15.2 8.16
15.2 8.28
15.2 8.4
15.2 8.52
15.2 8.64
15.2 8.76
15.2 8.88
15.2 9
15.2 9.12
15.2 9.24
15.2 9.36
15.2 9.48
15.2 9.6
15.2 9.72
15.2 9.84
15.2 9.96
15.2 10.08
15.2 10.2
15.2 10.32
15.2 10.44
15.2 10.56
15.2 10.68
15.2 10.8
15.2 10.92
15.2 11.04
15.2 11.16
15.2 11.28
15.2 11.4
15.2 11.52
15.2 11.64
15.2 11.76
15.2 11.88
15.4 0
15.4 0.12
15.4 0.24
15.4 0.36
15.4 0.48
15.4 0.6
15.4 0.72
15.4 0.84
15.4 0.96
15.4 1.08
15.4 1.2
15.4 1.32
15.4 1.44
15.4 1.56
15.4 1.68
15.4 1.8
15.4 1.92
15.4 2.04
15.4 2.16
15.4 2.28
15.4 2.4
15.4 2.52
15.4 2.64
15.4 2.76
15.4 2.88
15.4 3
15.4 3.12
15.4 3.24
15.4 3.36
15.4 3.48
15.4 3.6
15.4 3.72
15.4 3.84
15.4 3.96
15.4 4.08
15.4 4.2
15.4 4.32
15.4 4.44
15.4 4.56
15.4 4.68
15.4 4.8
15.4 4.92
15.4 5.04
15.4 5.16
15.4 5.28
15.4 5.4
15.4 5.52
15.4 5.64
15.4 5.76
15.4 5.88
15.4 6
15.4 6.12
15.4 6.24
15.4 6.36
15.4 6.48
15.4 6.6
15.4 6.72
15.4 6.84
15.4 6.96
15.4 7.08
15.4 7.2
15.4 7.32
15.4 7.44
15.4 7.56
15.4 7.68
15.4 7.8
15.4 7.92
15.4 8.04
15.4 8.16
15.4 8.28
15.4 8.4
15.4 8.52
15.4 8.64
15.4 8.76
15.4 8.88
15.4 9
15.4 9.12
15.4 9.24
15.4 9.36
15.4 9.48
15.4 9.6
15.4 9.72
15.4 9.84
15.4 9.96
15.4 10.08
15.4 10.2
15.4 10.32
15.4 10.44
15.4 10.56
15.4 10.68
15.4 10.8
15.4 10.92
15.4 11.04
15.4 11.16
15.4 11.28
15.4 11.4
15.4 11.52
15.4 11.64
15.4 11.76
15.4 11.88
15.6 0
15.6 0.12
15.6 0.24
15.6 0.36
15.6 0.48
15.6 0.6
15.6 0.72
15.6 0.84
15.6 0.96
15.6 1.08
15.6 1.2
15.6 1.32
15.6 1.44
15.6 1.56
15.6 1.68
15.6 1.8
15.6 1.92
15.6 2.04
15.6 2.16
15.6 2.28
15.6 2.4
15.6 2.52
15.6 2.64
15.6 2.76
15.6 2.88
15.6 3
15.6 3.12
15.6 3.24
15.6 3.36
15.6 3.48
15.6 3.6
15.6 3.72
15.6 3.84
15.6 3.96
15.6 4.08
15.6 4.2
15.6 4.32
15.6 4.44
15.6 4.56
15.6 4.68
15.6 4.8
15.6 4.92
15.6 5.04
15.6 5.16
15.6 5.28
15.6 5.4
15.6 5.52
15.6 5.64
15.6 5.76
15.6 5.88
15.6 6
15.6 6.12
15.6 6.24
15.6 6.36
15.6 6.48
15.6 6.6
15.6 6.72
15.6 6.84
15.6 6.96
15.6 7.08
15.6 7.2
15.6 7.32
15.6 7.44
15.6 7.56
15.6 7.68
15.6 7.8
15.6 7.92
15.6 8.04
15.6 8.16
15.6 8.28
15.6 8.4
15.6 8.52
15.6 8.64
15.6 8.76
15.6 8.88
15.6 9
15.6 9.12
15.6 9.24
15.6 9.36
15.6 9.48
15.6 9.6
15.6 9.72
15.6 9.84
15.6 9.96
15.6 10.08
15.6 10.2
15.6 10.32
15.6 10.44
15.6 10.56
15.6 10.68
15.6 10.8
15.6 10.92
15.6 11.04
15.6 11.16
15.6 11.28
15.6 11.4
15.6 11.52
15.6 11.64
15.6 11.76
15.6 11.88
15.8 0
15.8 0.12
15.8 0.24
15.8 0.36
15.8 0.48
15.8 0.6
15.8 0.72
15.8 0.84
15.8 0.96
15.8 1.08
15.8 1.2
15.8 1.32
15.8 1.44
15.8 1.56
15.8 1.68
15.8 1.8
15.8 1.92
15.8 2.04
15.8 2.16
15.8 2.28
15.8 2.4
15.8 2.52
15.8 2.64
15.8 2.76
15.8 2.88
15.8 3
15.8 3.12
15.8 3.24
15.8 3.36
15.8 3.48
15.8 3.6
15.8 3.72
15.8 3.84
15.8 3.96
15.8 4.08
15.8 4.2
15.8 4.32
15.8 4.44
15.8 4.56
15.8 4.68
15.8 4.8
15.8 4.92
15.8 5.04
15.8 5.16
15.8 5.28
15.8 5.4
15.8 5.52
15.8 5.64
15.8 5.76
15.8 5.88
15.8 6
15.8 6.12
15.8 6.24
15.8 6.36
15.8 6.48
15.8 6.6
15.8 6.72
15.8 6.84
15.8 6.96
15.8 7.08
15.8 7.2
15.8 7.32
15.8 7.44
15.8 7.56
15.8 7.68
15.8 7.8
15.8 7.92
15.8 8.04
15.8 8.16
15.8 8.28
15.8 8.4
15.8 8.52
15.8 8.64
15.8 8.76
15.8 8.88
15.8 9
15.8 9.12
15.8 9.24
15.8 9.36
15.8 9.48
15.8 9.6
15.8 9.72
15.8 9.84
15.8 9.96
15.8 10.08
15.8 10.2
15.8 10.32
15.8 10.44
15.8 10.56
15.8 10.68
15.8 10.8
15.8 10.92
15.8 11.04
15.8 11.16
15.8 11.28
15.8 11.4
15.8 11.52
15.8 11.64
15.8 11.76
15.8 11.88
16 0
16 0.12
16 0.24
16 0.36
16 0.48
16 0.6
16 0.72
16 0.84
16 0.96
16 1.08
16 1.2
16 1.32
16 1.44
16 1.56
16 1.68
16 1.8
16 1.92
16 2.04
16 2.16
16 2.28
16 2.4
16 2.52
16 2.64
16 2.76
16 2.88
16 3
16 3.12
16 3.24
16 3.36
16 3.48
16 3.6
16 3.72
16 3.84
16 3.96
16 4.08
16 4.2
16 4.32
16 4.44
16 4.56
16 4.68
16 4.8
16 4.92
16 5.04
16 5.16
16 5.28
16 5.4
16 5.52
16 5.64
16 5.76
16 5.88
16 6
16 6.12
16 6.24
16 6.36
16 6.48
16 6.6
16 6.72
16 6.84
16 6.96
16 7.08
16 7.2
16 7.32
16 7.44
16 7.56
16 7.68
16 7.8
16 7.92
16 8.04
16 8.16
16 8.28
16 8.4
16 8.52
16 8.64
16 8.76
16 8.88
16 9
16 9.12
16 9.24
16 9.36
16 9.48
16 9.6
16 9.72
16 9.84
16 9.96
16 10.08
16 10.2
16 10.32
16 10.44
16 10.56
16 10.68
16 10.8
16 10.92
16 11.04
16 11.16
16 11.28
16 11.4
16 11.52
16 11.64
16 11.76
16 11.88
16.2 0
16.2 0.12
16.2 0.24
16.2 0.36
16.2 0.48
16.2 0.6
16.2 0.72
16.2 0.84
16.2 0.96
16.2 1.08
16.2 1.2
16.2 1.32
16.2 1.44
16.2 1.56
16.2 1.68
16.2 1.8
16.2 1.92
16.2 2.04
16.2 2.16
16.2 2.28
16.2 2.4
16.2 2.52
16.2 2.64
16.2 2.76
16.2 2.88
16.2 3
16.2 3.12
16.2 3.24
16.2 3.36
16.2 3.48
16.2 3.6
16.2 3.72
16.2 3.84
16.2 3.96
16.2 4.08
16.2 4.2
16.2 4.32
16.2 4.44
16.2 4.56
16.2 4.68
16.2 4.8
16.2 4.92
16.2 5.04
16.2 5.16
16.2 5.28
16.2 5.4
16.2 5.52
16.2 5.64
16.2 5.76
16.2 5.88
16.2 6
16.2 6.12
16.2 6.24
16.2 6.36
16.2 6.48
16.2 6.6
16.2 6.72
16.2 6.84
16.2 6.96
16.2 7.08
16.2 7.2
16.2 7.32
16.2 7.44
16.2 7.56
16.2 7.68
16.2 7.8
16.2 7.92
16.2 8.04
16.2 8.16
16.2 8.28
16.2 8.4
16.2 8.52
16.2 8.64
16.2 8.76
16.2 8.88
16.2 9
16.2 9.12
16.2 9.24
16.2 9.36
16.2 9.48
16.2 9.6
16.2 9.72
16.2 9.84
16.2 9.96
16.2 10.08
16.2 10.2
16.2 10.32
16.2 10.44
16.2 10.56
16.2 10.68
16.2 10.8
16.2 10.92
16.2 11.04
16.2 11.16
16.2 11.28
16.2 11.4
16.2 11.52
16.2 11.64
16.2 11.76
16.2 11.88
16.4 0
16.4 0.12
16.4 0.24
16.4 0.36
16.4 0.48
16.4 0.6
16.4 0.72
16.4 0.84
16.4 0.96
16.4 1.08
16.4 1.2
16.4 1.32
16.4 1.44
16.4 1.56
16.4 1.68
16.4 1.8
16.4 1.92
16.4 2.04
16.4 2.16
16.4 2.28
16.4 2.4
16.4 2.52
16.4 2.64
16.4 2.76
16.4 2.88
16.4 3
16.4 3.12
16.4 3.24
16.4 3.36
16.4 3.48
16.4 3.6
16.4 3.72
16.4 3.84
16.4 3.96
16.4 4.08
16.4 4.2
16.4 4.32
16.4 4.44
16.4 4.56
16.4 4.68
16.4 4.8
16.4 4.92
16.4 5.04
16.4 5.16
16.4 5.28
16.4 5.4
16.4 5.52
16.4 5.64
16.4 5.76
16.4 5.88
16.4 6
16.4 6.12
16.4 6.24
16.4 6.36
16.4 6.48
16.4 6.6
16.4 6.72
16.4 6.84
16.4 6.96
16.4 7.08
16.4 7.2
16.4 7.32
16.4 7.44
16.4 7.56
16.4 7.68
16.4 7.8
16.4 7.92
16.4 8.04
16.4 8.16
16.4 8.28
16.4 8.4
16.4 8.52
16.4 8.64
16.4 8.76
16.4 8.88
16.4 9
16.4 9.12
16.4 9.24
16.4 9.36
16.4 9.48
16.4 9.6
16.4 9.72
16.4 9.84
16.4 9.96
16.4 10.08
16.4 10.2
16.4 10.32
16.4 10.44
16.4 10.56
16.4 10.68
16.4 10.8
16.4 10.92
16.4 11.04
16.4 11.16
16.4 11.28
16.4 11.4
16.4 11.52
16.4 11.64
16.4 11.76
16.4 11.88
16.6 0
16.6 0.12
16.6 0.24
16.6 0.36
16.6 0.48
16.6 0.6
16.6 0.72
16.6 0.84
16.6 0.96
16.6 1.08
16.6 1.2
16.6 1.32
16.6 1.44
16.6 1.56
16.6 1.68
16.6 1.8
16.6 1.92
16.6 2.04
16.6 2.16
16.6 2.28
16.6 2.4
16.6 2.52
16.6 2.64
16.6 2.76
16.6 2.88
16.6 3
16.6 3.12
16.6 3.24
16.6 3.36
16.6 3.48
16.6 3.6
16.6 3.72
16.6 3.84
16.6 3.96
16.6 4.08
16.6 4.2
16.6 4.32
16.6 4.44
16.6 4.56
16.6 4.68
16.6 4.8
16.6 4.92
16.6 5.04
16.6 5.16
16.6 5.28
16.6 5.4
16.6 5.52
16.6 5.64
16.6 5.76
16.6 5.88
16.6 6
16.6 6.12
16.6 6.24
16.6 6.36
16.6 6.48
16.6 6.6
16.6 6.72
16.6 6.84
16.6 6.96
16.6 7.08
16.6 7.2
16.6 7.32
16.6 7.44
16.6 7.56
16.6 7.68
16.6 7.8
16.6 7.92
16.6 8.04
16.6 8.16
16.6 8.28
16.6 8.4
16.6 8.52
16.6 8.64
16.6 8.76
16.6 8.88
16.6 9
16.6 9.12
16.6 9.24
16.6 9.36
16.6 9.48
16.6 9.6
16.6 9.72
16.6 9.84
16.6 9.96
16.6 10.08
16.6 10.2
16.6 10.32
16.6 10.44
16.6 10.56
16.6 10.68
16.6 10.8
16.6 10.92
16.6 11.04
16.6 11.16
16.6 11.28
16.6 11.4
16.6 11.52
16.6 11.64
16.6 11.76
16.6 11.88
16.8 0
16.8 0.12
16.8 0.24
16.8 0.36
16.8 0.48
16.8 0.6
16.8 0.72
16.8 0.84
16.8 0.96
16.8 1.08
16.8 1.2
16.8 1.32
16.8 1.44
16.8 1.56
16.8 1.68
16.8 1.8
16.8 1.92
16.8 2.04
16.8 2.16
16.8 2.28
16.8 2.4
16.8 2.52
16.8 2.64
16.8 2.76
16.8 2.88
16.8 3
16.8 3.12
16.8 3.24
16.8 3.36
16.8 3.48
16.8 3.6
16.8 3.72
16.8 3.84
16.8 3.96
16.8 4.08
16.8 4.2
16.8 4.32
16.8 4.44
16.8 4.56
16.8 4.68
16.8 4.8
16.8 4.92
16.8 5.04
16.8 5.16
16.8 5.28
16.8 5.4
16.8 5.52
16.8 5.64
16.8 5.76
16.8 5.88
16.8 6
16.8 6.12
16.8 6.24
16.8 6.36
16.8 6.48
16.8 6.6
16.8 6.72
16.8 6.84
16.8 6.96
16.8 7.08
16.8 7.2
16.8 7.32
16.8 7.44
16.8 7.56
16.8 7.68
16.8 7.8
16.8 7.92
16.8 8.04
16.8 8.16
16.8 8.28
16.8 8.4
16.8 8.52
16.8 8.64
16.8 8.76
16.8 8.88
16.8 9
16.8 9.12
16.8 9.24
16.8 9.36
16.8 9.48
16.8 9.6
16.8 9.72
16.8 9.84
16.8 9.96
16.8 10.08
16.8 10.2
16.8 10.32
16.8 10.44
16.8 10.56
16.8 10.68
16.8 10.8
16.8 10.92
16.8 11.04
16.8 11.16
16.8 11.28
16.8 11.4
16.8 11.52
16.8 11.64
16.8 11.76
16.8 11.88
17 0
17 0.12
17 0.24
17 0.36
17 0.48
17 0.6
17 0.72
17 0.84
17 0.96
17 1.08
17 1.2
17 1.32
17 1.44
17 1.56
17 1.68
17 1.8
17 1.92
17 2.04
17 2.16
17 2.28
17 2.4
17 2.52
17 2.64
17 2.76
17 2.88
17 3
17 3.12
17 3.24
17 3.36
17 3.48
17 3.6
17 3.72
17 3.84
17 3.96
17 4.08
17 4.2
17 4.32
17 4.44
17 4.56
17 4.68
17 4.8
17 4.92
17 5.04
17 5.16
17 5.28
17 5.4
17 5.52
17 5.64
17 5.76
17 5.88
17 6
17 6.12
17 6.24
17 6.36
17 6.48
17 6.6
17 6.72
17 6.84
17 6.96
17 7.08
17 7.2
17 7.32
17 7.44
17 7.56
17 7.68
17 7.8
17 7.92
17 8.04
17 8.16
17 8.28
17 8.4
17 8.52
17 8.64
17 8.76
17 8.88
17 9
17 9.12
17 9.24
17 9.36
17 9.48
17 9.6
17 9.72
17 9.84
17 9.96
17 10.08
17 10.2
17 10.32
17 10.44
17 10.56
17 10.68
17 10.8
17 10.92
17 11.04
17 11.16
17 11.28
17 11.4
17 11.52
17 11.64
17 11.76
17 11.88
17.2 0
17.2 0.12
17.2 0.24
17.2 0.36
17.2 0.48
17.2 0.6
17.2 0.72
17.2 0.84
17.2 0.96
17.2 1.08
17.2 1.2
17.2 1.32
17.2 1.44
17.2 1.56
17.2 1.68
17.2 1.8
17.2 1.92
17.2 2.04
17.2 2.16
17.2 2.28
17.2 2.4
17.2 2.52
17.2 2.64
17.2 2.76
17.2 2.88
17.2 3
17.2 3.12
17.2 3.24
17.2 3.36
17.2 3.48
17.2 3.6
17.2 3.72
17.2 3.84
17.2 3.96
17.2 4.08
17.2 4.2
17.2 4.32
17.2 4.44
17.2 4.56
17.2 4.68
17.2 4.8
17.2 4.92
17.2 5.04
17.2 5.16
17.2 5.28
17.2 5.4
17.2 5.52
17.2 5.64
17.2 5.76
17.2 5.88
17.2 6
17.2 6.12
17.2 6.24
17.2 6.36
17.2 6.48
17.2 6.6
17.2 6.72
17.2 6.84
17.2 6.96
17.2 7.08
17.2 7.2
17.2 7.32
17.2 7.44
17.2 7.56
17.2 7.68
17.2 7.8
17.2 7.92
17.2 8.04
17.2 8.16
17.2 8.28
17.2 8.4
17.2 8.52
17.2 8.64
17.2 8.76
17.2 8.88
17.2 9
17.2 9.12
17.2 9.24
17.2 9.36
17.2 9.48
17.2 9.6
17.2 9.72
17.2 9.84
17.2 9.96
17.2 10.08
17.2 10.2
17.2 10.32
17.2 10.44
17.2 10.56
17.2 10.68
17.2 10.8
17.2 10.92
17.2 11.04
17.2 11.16
17.2 11.28
17.2 11.4
17.2 11.52
17.2 11.64
17.2 11.76
17.2 11.88
17.4 0
17.4 0.12
17.4 0.24
17.4 0.36
17.4 0.48
17.4 0.6
17.4 0.72
17.4 0.84
17.4 0.96
17.4 1.08
17.4 1.2
17.4 1.32
17.4 1.44
17.4 1.56
17.4 1.68
17.4 1.8
17.4 1.92
17.4 2.04
17.4 2.16
17.4 2.28
17.4 2.4
17.4 2.52
17.4 2.64
17.4 2.76
17.4 2.88
17.4 3
17.4 3.12
17.4 3.24
17.4 3.36
17.4 3.48
17.4 3.6
17.4 3.72
17.4 3.84
17.4 3.96
17.4 4.08
17.4 4.2
17.4 4.32
17.4 4.44
17.4 4.56
17.4 4.68
17.4 4.8
17.4 4.92
17.4 5.04
17.4 5.16
17.4 5.28
17.4 5.4
17.4 5.52
17.4 5.64
17.4 5.76
17.4 5.88
17.4 6
17.4 6.12
17.4 6.24
17.4 6.36
17.4 6.48
17.4 6.6
17.4 6.72
17.4 6.84
17.4 6.96
17.4 7.08
17.4 7.2
17.4 7.32
17.4 7.44
17.4 7.56
17.4 7.68
17.4 7.8
17.4 7.92
17.4 8.04
17.4 8.16
17.4 8.28
17.4 8.4
17.4 8.52
17.4 8.64
17.4 8.76
17.4 8.88
17.4 9
17.4 9.12
17.4 9.24
17.4 9.36
17.4 9.48
17.4 9.6
17.4 9.72
17.4 9.84
17.4 9.96
17.4 10.08
17.4 10.2
17.4 10.32
17.4 10.44
17.4 10.56
17.4 10.68
17.4 10.8
17.4 10.92
17.4 11.04
17.4 11.16
17.4 11.28
17.4 11.4
17.4 11.52
17.4 11.64
17.4 11.76
17.4 11.88
17.6 0
17.6 0.12
17.6 0.24
17.6 0.36
17.6 0.48
17.6 0.6
17.6 0.72
17.6 0.84
17.6 0.96
17.6 1.08
17.6 1.2
17.6 1.32
17.6 1.44
17.6 1.56
17.6 1.68
17.6 1.8
17.6 1.92
17.6 2.04
17.6 2.16
17.6 2.28
17.6 2.4
17.6 2.52
17.6 2.64
17.6 2.76
17.6 2.88
17.6 3
17.6 3.12
17.6 3.24
17.6 3.36
17.6 3.48
17.6 3.6
17.6 3.72
17.6 3.84
17.6 3.96
17.6 4.08
17.6 4.2
17.6 4.32
17.6 4.44
17.6 4.56
17.6 4.68
17.6 4.8
17.6 4.92
17.6 5.04
17.6 5.16
17.6 5.28
17.6 5.4
17.6 5.52
17.6 5.64
17.6 5.76
17.6 5.88
17.6 6
17.6 6.12
17.6 6.24
17.6 6.36
17.6 6.48
17.6 6.6
17.6 6.72
17.6 6.84
17.6 6.96
17.6 7.08
17.6 7.2
17.6 7.32
17.6 7.44
17.6 7.56
17.6 7.68
17.6 7.8
17.6 7.92
17.6 8.04
17.6 8.16
17.6 8.28
17.6 8.4
17.6 8.52
17.6 8.64
17.6 8.76
17.6 8.88
17.6 9
17.6 9.12
17.6 9.24
17.6 9.36
17.6 9.48
17.6 9.6
17.6 9.72
17.6 9.84
17.6 9.96
17.6 10.08
17.6 10.2
17.6 10.32
17.6 10.44
17.6 10.56
17.6 10.68
17.6 10.8
17.6 10.92
17.6 11.04
17.6 11.16
17.6 11.28
17.6 11.4
17.6 11.52
17.6 11.64
17.6 11.76
17.6 11.88
17.8 0
17.8 0.12
17.8 0.24
17.8 0.36
17.8 0.48
17.8 0.6
17.8 0.72
17.8 0.84
17.8 0.96
17.8 1.08
17.8 1.2
17.8 1.32
17.8 1.44
17.8 1.56
17.8 1.68
17.8 1.8
17.8 1.92
17.8 2.04
17.8 2.16
17.8 2.28
17.8 2.4
17.8 2.52
17.8 2.64
17.8 2.76
17.8 2.88
17.8 3
17.8 3.12
17.8 3.24
17.8 3.36
17.8 3.48
17.8 3.6
17.8 3.72
17.8 3.84
17.8 3.96
17.8 4.08
17.8 4.2
17.8 4.32
17.8 4.44
17.8 4.56
17.8 4.68
17.8 4.8
17.8 4.92
17.8 5.04
17.8 5.16
17.8 5.28
17.8 5.4
17.8 5.52
17.8 5.64
17.8 5.76
17.8 5.88
17.8 6
17.8 6.12
17.8 6.24
17.8 6.36
17.8 6.48
17.8 6.6
17.8 6.72
17.8 6.84
17.8 6.96
17.8 7.08
17.8 7.2
17.8 7.32
17.8 7.44
17.8 7.56
17.8 7.68
17.8 7.8
17.8 7.92
17.8 8.04
17.8 8.16
17.8 8.28
17.8 8.4
17.8 8.52
17.8 8.64
17.8 8.76
17.8 8.88
17.8 9
17.8 9.12
17.8 9.24
17.8 9.36
17.8 9.48
17.8 9.6
17.8 9.72
17.8 9.84
17.8 9.96
17.8 10.08
17.8 10.2
17.8 10.32
17.8 10.44
17.8 10.56
17.8 10.68
17.8 10.8
17.8 10.92
17.8 11.04
17.8 11.16
17.8 11.28
17.8 11.4
17.8 11.52
17.8 11.64
17.8 11.76
17.8 11.88
18 0
18 0.12
18 0.24
18 0.36
18 0.48
18 0.6
18 0.72
18 0.84
18 0.96
18 1.08
18 1.2
18 1.32
18 1.44
18 1.56
18 1.68
18 1.8
18 1.92
18 2.04
18 2.16
18 2.28
18 2.4
18 2.52
18 2.64
18 2.76
18 2.88
18 3
18 3.12
18 3.24
18 3.36
18 3.48
18 3.6
18 3.72
18 3.84
18 3.96
18 4.08
18 4.2
18 4.32
18 4.44
18 4.56
18 4.68
18 4.8
18 4.92
18 5.04
18 5.16
18 5.28
18 5.4
18 5.52
18 5.64
18 5.76
18 5.88
18 6
18 6.12
18 6.24
18 6.36
18 6.48
18 6.6
18 6.72
18 6.84
18 6.96
18 7.08
18 7.2
18 7.32
18 7.44
18 7.56
18 7.68
18 7.8
18 7.92
18 8.04
18 8.16
18 8.28
18 8.4
18 8.52
18 8.64
18 8.76
18 8.88
18 9
18 9.12
18 9.24
18 9.36
18 9.48
18 9.6
18 9.72
18 9.84
18 9.96
18 10.08
18 10.2
18 10.32
18 10.44
18 10.56
18 10.68
18 10.8
18 10.92
18 11.04
18 11.16
18 11.28
18 11.4
18 11.52
18 11.64
18 11.76
18 11.88
18.2 0
18.2 0.12
18.2 0.24
18.2 0.36
18.2 0.48
18.2 0.6
18.2 0.72
18.2 0.84
18.2 0.96
18.2 1.08
18.2 1.2
18.2 1.32
18.2 1.44
18.2 1.56
18.2 1.68
18.2 1.8
18.2 1.92
18.2 2.04
18.2 2.16
18.2 2.28
18.2 2.4
18.2 2.52
18.2 2.64
18.2 2.76
18.2 2.88
18.2 3
18.2 3.12
18.2 3.24
18.2 3.36
18.2 3.48
18.2 3.6
18.2 3.72
18.2 3.84
18.2 3.96
18.2 4.08
18.2 4.2
18.2 4.32
18.2 4.44
18.2 4.56
18.2 4.68
18.2 4.8
18.2 4.92
18.2 5.04
18.2 5.16
18.2 5.28
18.2 5.4
18.2 5.52
18.2 5.64
18.2 5.76
18.2 5.88
18.2 6
18.2 6.12
18.2 6.24
18.2 6.36
18.2 6.48
18.2 6.6
18.2 6.72
18.2 6.84
18.2 6.96
18.2 7.08
18.2 7.2
18.2 7.32
18.2 7.44
18.2 7.56
18.2 7.68
18.2 7.8
18.2 7.92
18.2 8.04
18.2 8.16
18.2 8.28
18.2 8.4
18.2 8.52
18.2 8.64
18.2 8.76
18.2 8.88
18.2 9
18.2 9.12
18.2 9.24
18.2 9.36
18.2 9.48
18.2 9.6
18.2 9.72
18.2 9.84
18.2 9.96
18.2 10.08
18.2 10.2
18.2 10.32
18.2 10.44
18.2 10.56
18.2 10.68
18.2 10.8
18.2 10.92
18.2 11.04
18.2 11.16
18.2 11.28
18.2 11.4
18.2 11.52
18.2 11.64
18.2 11.76
18.2 11.88
18.4 0
18.4 0.12
18.4 0.24
18.4 0.36
18.4 0.48
18.4 0.6
18.4 0.72
18.4 0.84
18.4 0.96
18.4 1.08
18.4 1.2
18.4 1.32
18.4 1.44
18.4 1.56
18.4 1.68
18.4 1.8
18.4 1.92
18.4 2.04
18.4 2.16
18.4 2.28
18.4 2.4
18.4 2.52
18.4 2.64
18.4 2.76
18.4 2.88
18.4 3
18.4 3.12
18.4 3.24
18.4 3.36
18.4 3.48
18.4 3.6
18.4 3.72
18.4 3.84
18.4 3.96
18.4 4.08
18.4 4.2
18.4 4.32
18.4 4.44
18.4 4.56
18.4 4.68
18.4 4.8
18.4 4.92
18.4 5.04
18.4 5.16
18.4 5.28
18.4 5.4
18.4 5.52
18.4 5.64
18.4 5.76
18.4 5.88
18.4 6
18.4 6.12
18.4 6.24
18.4 6.36
18.4 6.48
18.4 6.6
18.4 6.72
18.4 6.84
18.4 6.96
18.4 7.08
18.4 7.2
18.4 7.32
18.4 7.44
18.4 7.56
18.4 7.68
18.4 7.8
18.4 7.92
18.4 8.04
18.4 8.16
18.4 8.28
18.4 8.4
18.4 8.52
18.4 8.64
18.4 8.76
18.4 8.88
18.4 9
18.4 9.12
18.4 9.24
18.4 9.36
18.4 9.48
18.4 9.6
18.4 9.72
18.4 9.84
18.4 9.96
18.4 10.08
18.4 10.2
18.4 10.32
18.4 10.44
18.4 10.56
18.4 10.68
18.4 10.8
18.4 10.92
18.4 11.04
18.4 11.16
18.4 11.28
18.4 11.4
18.4 11.52
18.4 11.64
18.4 11.76
18.4 11.88
18.6 0
18.6 0.12
18.6 0.24
18.6 0.36
18.6 0.48
18.6 0.6
18.6 0.72
18.6 0.84
18.6 0.96
18.6 1.08
18.6 1.2
18.6 1.32
18.6 1.44
18.6 1.56
18.6 1.68
18.6 1.8
18.6 1.92
18.6 2.04
18.6 2.16
18.6 2.28
18.6 2.4
18.6 2.52
18.6 2.64
18.6 2.76
18.6 2.88
18.6 3
18.6 3.12
18.6 3.24
18.6 3.36
18.6 3.48
18.6 3.6
18.6 3.72
18.6 3.84
18.6 3.96
18.6 4.08
18.6 4.2
18.6 4.32
18.6 4.44
18.6 4.56
18.6 4.68
18.6 4.8
18.6 4.92
18.6 5.04
18.6 5.16
18.6 5.28
18.6 5.4
18.6 5.52
18.6 5.64
18.6 5.76
18.6 5.88
18.6 6
18.6 6.12
18.6 6.24
18.6 6.36
18.6 6.48
18.6 6.6
18.6 6.72
18.6 6.84
18.6 6.96
18.6 7.08
18.6 7.2
18.6 7.32
18.6 7.44
18.6 7.56
18.6 7.68
18.6 7.8
18.6 7.92
18.6 8.04
18.6 8.16
18.6 8.28
18.6 8.4
18.6 8.52
18.6 8.64
18.6 8.76
18.6 8.88
18.6 9
18.6 9.12
18.6 9.24
18.6 9.36
18.6 9.48
18.6 9.6
18.6 9.72
18.6 9.84
18.6 9.96
18.6 10.08
18.6 10.2
18.6 10.32
18.6 10.44
18.6 10.56
18.6 10.68
18.6 10.8
18.6 10.92
18.6 11.04
18.6 11.16
18.6 11.28
18.6 11.4
18.6 11.52
18.6 11.64
18.6 11.76
18.6 11.88
18.8 0
18.8 0.12
18.8 0.24
18.8 0.36
18.8 0.48
18.8 0.6
18.8 0.72
18.8 0.84
18.8 0.96
18.8 1.08
18.8 1.2
18.8 1.32
18.8 1.44
18.8 1.56
18.8 1.68
18.8 1.8
18.8 1.92
18.8 2.04
18.8 2.16
18.8 2.28
18.8 2.4
18.8 2.52
18.8 2.64
18.8 2.76
18.8 2.88
18.8 3
18.8 3.12
18.8 3.24
18.8 3.36
18.8 3.48
18.8 3.6
18.8 3.72
18.8 3.84
18.8 3.96
18.8 4.08
18.8 4.2
18.8 4.32
18.8 4.44
18.8 4.56
18.8 4.68
18.8 4.8
18.8 4.92
18.8 5.04
18.8 5.16
18.8 5.28
18.8 5.4
18.8 5.52
18.8 5.64
18.8 5.76
18.8 5.88
18.8 6
18.8 6.12
18.8 6.24
18.8 6.36
18.8 6.48
18.8 6.6
18.8 6.72
18.8 6.84
18.8 6.96
18.8 7.08
18.8 7.2
18.8 7.32
18.8 7.44
18.8 7.56
18.8 7.68
18.8 7.8
18.8 7.92
18.8 8.04
18.8 8.16
18.8 8.28
18.8 8.4
18.8 8.52
18.8 8.64
18.8 8.76
18.8 8.88
18.8 9
18.8 9.12
18.8 9.24
18.8 9.36
18.8 9.48
18.8 9.6
18.8 9.72
18.8 9.84
18.8 9.96
18.8 10.08
18.8 10.2
18.8 10.32
18.8 10.44
18.8 10.56
18.8 10.68
18.8 10.8
18.8 10.92
18.8 11.04
18.8 11.16
18.8 11.28
18.8 11.4
18.8 11.52
18.8 11.64
18.8 11.76
18.8 11.88
19 0
19 0.12
19 0.24
19 0.36
19 0.48
19 0.6
19 0.72
19 0.84
19 0.96
19 1.08
19 1.2
19 1.32
19 1.44
19 1.56
19 1.68
19 1.8
19 1.92
19 2.04
19 2.16
19 2.28
19 2.4
19 2.52
19 2.64
19 2.76
19 2.88
19 3
19 3.12
19 3.24
19 3.36
19 3.48
19 3.6
19 3.72
19 3.84
19 3.96
19 4.08
19 4.2
19 4.32
19 4.44
19 4.56
19 4.68
19 4.8
19 4.92
19 5.04
19 5.16
19 5.28
19 5.4
19 5.52
19 5.64
19 5.76
19 5.88
19 6
19 6.12
19 6.24
19 6.36
19 6.48
19 6.6
19 6.72
19 6.84
19 6.96
19 7.08
19 7.2
19 7.32
19 7.44
19 7.56
19 7.68
19 7.8
19 7.92
19 8.04
19 8.16
19 8.28
19 8.4
19 8.52
19 8.64
19 8.76
19 8.88
19 9
19 9.12
19 9.24
19 9.36
19 9.48
19 9.6
19 9.72
19 9.84
19 9.96
19 10.08
19 10.2
19 10.32
19 10.44
19 10.56
19 10.68
19 10.8
19 10.92
19 11.04
19 11.16
19 11.28
19 11.4
19 11.52
19 11.64
19 11.76
19 11.88
19.2 0
19.2 0.12
19.2 0.24
19.2 0.36
19.2 0.48
19.2 0.6
19.2 0.72
19.2 0.84
19.2 0.96
19.2 1.08
19.2 1.2
19.2 1.32
19.2 1.44
19.2 1.56
19.2 1.68
19.2 1.8
19.2 1.92
19.2 2.04
19.2 2.16
19.2 2.28
19.2 2.4
19.2 2.52
19.2 2.64
19.2 2.76
19.2 2.88
19.2 3
19.2 3.12
19.2 3.24
19.2 3.36
19.2 3.48
19.2 3.6
19.2 3.72
19.2 3.84
19.2 3.96
19.2 4.08
19.2 4.2
19.2 4.32
19.2 4.44
19.2 4.56
19.2 4.68
19.2 4.8
19.2 4.92
19.2 5.04
19.2 5.16
19.2 5.28
19.2 5.4
19.2 5.52
19.2 5.64
19.2 5.76
19.2 5.88
19.2 6
19.2 6.12
19.2 6.24
19.2 6.36
19.2 6.48
19.2 6.6
19.2 6.72
19.2 6.84
19.2 6.96
19.2 7.08
19.2 7.2
19.2 7.32
19.2 7.44
19.2 7.56
19.2 7.68
19.2 7.8
19.2 7.92
19.2 8.04
19.2 8.16
19.2 8.28
19.2 8.4
19.2 8.52
19.2 8.64
19.2 8.76
19.2 8.88
19.2 9
19.2 9.12
19.2 9.24
19.2 9.36
19.2 9.48
19.2 9.6
19.2 9.72
19.2 9.84
19.2 9.96
19.2 10.08
19.2 10.2
19.2 10.32
19.2 10.44
19.2 10.56
19.2 10.68
19.2 10.8
19.2 10.92
19.2 11.04
19.2 11.16
19.2 11.28
19.2 11.4
19.2 11.52
19.2 11.64
19.2 11.76
19.2 11.88
19.4 0
19.4 0.12
19.4 0.24
19.4 0.36
19.4 0.48
19.4 0.6
19.4 0.72
19.4 0.84
19.4 0.96
19.4 1.08
19.4 1.2
19.4 1.32
19.4 1.44
19.4 1.56
19.4 1.68
19.4 1.8
19.4 1.92
19.4 2.04
19.4 2.16
19.4 2.28
19.4 2.4
19.4 2.52
19.4 2.64
19.4 2.76
19.4 2.88
19.4 3
19.4 3.12
19.4 3.24
19.4 3.36
19.4 3.48
19.4 3.6
19.4 3.72
19.4 3.84
19.4 3.96
19.4 4.08
19.4 4.2
19.4 4.32
19.4 4.44
19.4 4.56
19.4 4.68
19.4 4.8
19.4 4.92
19.4 5.04
19.4 5.16
19.4 5.28
19.4 5.4
19.4 5.52
19.4 5.64
19.4 5.76
19.4 5.88
19.4 6
19.4 6.12
19.4 6.24
19.4 6.36
19.4 6.48
19.4 6.6
19.4 6.72
19.4 6.84
19.4 6.96
19.4 7.08
19.4 7.2
19.4 7.32
19.4 7.44
19.4 7.56
19.4 7.68
19.4 7.8
19.4 7.92
19.4 8.04
19.4 8.16
19.4 8.28
19.4 8.4
19.4 8.52
19.4 8.64
19.4 8.76
19.4 8.88
19.4 9
19.4 9.12
19.4 9.24
19.4 9.36
19.4 9.48
19.4 9.6
19.4 9.72
19.4 9.84
19.4 9.96
19.4 10.08
19.4 10.2
19.4 10.32
19.4 10.44
19.4 10.56
19.4 10.68
19.4 10.8
19.4 10.92
19.4 11.04
19.4 11.16
19.4 11.28
19.4 11.4
19.4 11.52
19.4 11.64
19.4 11.76
19.4 11.88
19.6 0
19.6 0.12
19.6 0.24
19.6 0.36
19.6 0.48
19.6 0.6
19.6 0.72
19.6 0.84
19.6 0.96
19.6 1.08
19.6 1.2
19.6 1.32
19.6 1.44
19.6 1.56
19.6 1.68
19.6 1.8
19.6 1.92
19.6 2.04
19.6 2.16
19.6 2.28
19.6 2.4
19.6 2.52
19.6 2.64
19.6 2.76
19.6 2.88
19.6 3
19.6 3.12
19.6 3.24
19.6 3.36
19.6 3.48
19.6 3.6
19.6 3.72
19.6 3.84
19.6 3.96
19.6 4.08
19.6 4.2
19.6 4.32
19.6 4.44
19.6 4.56
19.6 4.68
19.6 4.8
19.6 4.92
19.6 5.04
19.6 5.16
19.6 5.28
19.6 5.4
19.6 5.52
19.6 5.64
19.6 5.76
19.6 5.88
19.6 6
19.6 6.12
19.6 6.24
19.6 6.36
19.6 6.48
19.6 6.6
19.6 6.72
19.6 6.84
19.6 6.96
19.6 7.08
19.6 7.2
19.6 7.32
19.6 7.44
19.6 7.56
19.6 7.68
19.6 7.8
19.6 7.92
19.6 8.04
19.6 8.16
19.6 8.28
19.6 8.4
19.6 8.52
19.6 8.64
19.6 8.76
19.6 8.88
19.6 9
19.6 9.12
19.6 9.24
19.6 9.36
19.6 9.48
19.6 9.6
19.6 9.72
19.6 9.84
19.6 9.96
19.6 10.08
19.6 10.2
19.6 10.32
19.6 10.44
19.6 10.56
19.6 10.68
19.6 10.8
19.6 10.92
19.6 11.04
19.6 11.16
19.6 11.28
19.6 11.4
19.6 11.52
19.6 11.64
19.6 11.76
19.6 11.88
19.8 0
19.8 0.12
19.8 0.24
19.8 0.36
19.8 0.48
19.8 0.6
19.8 0.72
19.8 0.84
19.8 0.96
19.8 1.08
19.8 1.2
19.8 1.32
19.8 1.44
19.8 1.56
19.8 1.68
19.8 1.8
19.8 1.92
19.8 2.04
19.8 2.16
19.8 2.28
19.8 2.4
19.8 2.52
19.8 2.64
19.8 2.76
19.8 2.88
19.8 3
19.8 3.12
19.8 3.24
19.8 3.36
19.8 3.48
19.8 3.6
19.8 3.72
19.8 3.84
19.8 3.96
19.8 4.08
19.8 4.2
19.8 4.32
19.8 4.44
19.8 4.56
19.8 4.68
19.8 4.8
19.8 4.92
19.8 5.04
19.8 5.16
19.8 5.28
19.8 5.4
19.8 5.52
19.8 5.64
19.8 5.76
19.8 5.88
19.8 6
19.8 6.12
19.8 6.24
19.8 6.36
19.8 6.48
19.8 6.6
19.8 6.72
19.8 6.84
19.8 6.96
19.8 7.08
19.8 7.2
19.8 7.32
19.8 7.44
19.8 7.56
19.8 7.68
19.8 7.8
19.8 7.92
19.8 8.04
19.8 8.16
19.8 8.28
19.8 8.4
19.8 8.52
19.8 8.64
19.8 8.76
19.8 8.88
19.8 9
19.8 9.12
19.8 9.24
19.8 9.36
19.8 9.48
19.8 9.6
19.8 9.72
19.8 9.84
19.8 9.96
19.8 10.08
19.8 10.2
19.8 10.32
19.8 10.44
19.8 10.56
19.8 10.68
19.8 10.8
19.8 10.92
19.8 11.04
19.8 11.16
19.8 11.28
19.8 11.4
19.8 11.52
19.8 11.64
19.8 11.76
19.8 11.88
